,개방서비스명,영업상태(0=폐업),open_year,open_month,open_day,close_year,close_month,close_day,존속년도,폐업시기,개업시기
8472179,계량기제조업,1,2010,9,13,,,,,,2010-09-13
8472180,계량기제조업,1,2022,5,9,,,,,,2022-05-09
8472181,계량기제조업,1,2020,2,18,,,,,,2020-02-18
8472182,계량기제조업,1,2020,10,23,,,,,,2020-10-23
8472183,계량기제조업,1,2022,9,16,,,,,,2022-09-16
8472184,계량기제조업,1,1994,7,21,,,,,,1994-07-21
8472185,계량기제조업,1,2021,10,14,,,,,,2021-10-14
8472186,계량기제조업,1,2017,6,27,,,,,,2017-06-27
8472187,계량기제조업,0,2007,8,10,2018,2,1,11,2018-02-01,2007-08-10
8472188,계량기제조업,1,2006,11,16,,,,,,2006-11-16
8472189,계량기제조업,1,2012,2,16,,,,,,2012-02-16
8472190,계량기제조업,1,2021,8,31,,,,,,2021-08-31
8472191,계량기제조업,1,2022,1,2,,,,,,2022-01-02
8472192,계량기제조업,1,2022,6,23,,,,,,2022-06-23
8472193,계량기제조업,1,2008,6,10,,,,,,2008-06-10
8472194,계량기제조업,1,2003,7,15,,,,,,2003-07-15
8472195,계량기제조업,1,2012,1,9,,,,,,2012-01-09
8472196,계량기제조업,1,2016,8,3,,,,,,2016-08-03
8472197,계량기제조업,1,2009,7,30,,,,,,2009-07-30
8472198,계량기제조업,1,2017,4,18,,,,,,2017-04-18
8472199,계량기제조업,1,2020,2,11,,,,,,2020-02-11
8472200,계량기제조업,1,2022,2,28,,,,,,2022-02-28
8472201,계량기제조업,1,2019,11,15,,,,,,2019-11-15
8472202,계량기제조업,1,1998,10,29,,,,,,1998-10-29
8472203,계량기제조업,1,1999,10,30,,,,,,1999-10-30
8472204,계량기제조업,1,2021,4,21,,,,,,2021-04-21
8472205,계량기제조업,1,2022,11,7,,,,,,2022-11-07
8472206,계량기제조업,1,2022,7,6,,,,,,2022-07-06
8472207,계량기제조업,1,2012,3,30,,,,,,2012-03-30
8472208,계량기제조업,1,2013,1,22,,,,,,2013-01-22
8472209,계량기제조업,1,2017,9,28,,,,,,2017-09-28
8472210,계량기제조업,1,2012,3,9,,,,,,2012-03-09
8472211,계량기제조업,1,2021,1,14,,,,,,2021-01-14
8472212,계량기제조업,0,2013,7,15,2020,12,14,7,2020-12-14,2013-07-15
8472213,계량기제조업,1,2002,1,19,,,,,,2002-01-19
8472214,계량기제조업,1,1995,12,28,,,,,,1995-12-28
8472215,계량기제조업,1,2017,10,11,,,,,,2017-10-11
8472216,계량기제조업,1,2009,12,3,,,,,,2009-12-03
8472217,계량기제조업,1,2018,9,3,,,,,,2018-09-03
8472218,계량기제조업,1,2014,5,9,,,,,,2014-05-09
8472219,계량기제조업,1,2018,3,13,,,,,,2018-03-13
8472220,계량기제조업,1,2016,7,14,,,,,,2016-07-14
8472221,계량기제조업,1,2021,6,24,,,,,,2021-06-24
8472222,계량기제조업,1,2001,12,13,,,,,,2001-12-13
8472223,계량기제조업,0,2001,8,10,2010,5,20,9,2010-05-20,2001-08-10
8472224,계량기제조업,1,2015,5,28,,,,,,2015-05-28
8472225,계량기제조업,1,2015,11,2,,,,,,2015-11-02
8472226,계량기제조업,1,2017,7,13,,,,,,2017-07-13
8472227,계량기제조업,1,2018,7,20,,,,,,2018-07-20
8472228,계량기제조업,0,2000,4,6,,,,,,2000-04-06
8472229,계량기제조업,1,2010,5,20,,,,,,2010-05-20
8472230,계량기제조업,1,1998,12,17,,,,,,1998-12-17
8472231,계량기제조업,1,2001,11,19,,,,,,2001-11-19
8472232,계량기제조업,1,2001,6,25,,,,,,2001-06-25
8472233,계량기제조업,1,2007,1,11,,,,,,2007-01-11
8472234,계량기제조업,1,1998,9,19,,,,,,1998-09-19
8472235,계량기제조업,1,2001,6,11,,,,,,2001-06-11
8472236,계량기제조업,0,1996,12,19,2018,9,29,22,2018-09-29,1996-12-19
8472237,계량기제조업,0,2008,4,2,2016,12,18,8,2016-12-18,2008-04-02
8472238,계량기제조업,0,2009,12,14,2015,11,3,6,2015-11-03,2009-12-14
8472239,계량기제조업,0,1992,4,28,2022,8,12,30,2022-08-12,1992-04-28
8472240,계량기제조업,1,2021,8,4,,,,,,2021-08-04
8472241,계량기제조업,1,2015,9,15,,,,,,2015-09-15
8472242,계량기제조업,1,2012,1,20,,,,,,2012-01-20
8472243,계량기제조업,1,2017,4,11,,,,,,2017-04-11
8472244,계량기제조업,0,2012,1,31,2016,8,24,4,2016-08-24,2012-01-31
8472245,계량기제조업,1,2022,6,8,,,,,,2022-06-08
8472246,계량기제조업,1,2005,8,1,,,,,,2005-08-01
8472247,계량기제조업,1,2005,1,18,,,,,,2005-01-18
8472248,계량기제조업,1,2003,8,20,,,,,,2003-08-20
8472249,계량기제조업,1,2022,3,7,,,,,,2022-03-07
8472250,계량기제조업,0,2012,1,25,2012,2,28,0,2012-02-28,2012-01-25
8472251,계량기제조업,1,2018,12,7,,,,,,2018-12-07
8472252,계량기제조업,0,2012,9,28,2015,12,7,3,2015-12-07,2012-09-28
8472253,계량기제조업,0,2001,11,6,2020,4,9,19,2020-04-09,2001-11-06
8472254,계량기제조업,1,2014,1,28,,,,,,2014-01-28
8472255,계량기제조업,1,2012,1,21,,,,,,2012-01-21
8472256,계량기제조업,1,2019,9,2,,,,,,2019-09-02
8472257,계량기제조업,1,2012,1,21,,,,,,2012-01-21
8472258,계량기제조업,1,2005,12,9,,,,,,2005-12-09
8472259,계량기제조업,1,2021,4,8,,,,,,2021-04-08
8472260,계량기제조업,1,2021,9,3,,,,,,2021-09-03
8472261,계량기제조업,1,2020,6,4,,,,,,2020-06-04
8472262,계량기제조업,1,2006,8,17,,,,,,2006-08-17
8472263,계량기제조업,1,2019,11,20,,,,,,2019-11-20
8472264,계량기제조업,0,2012,2,16,,,,,,2012-02-16
8472265,계량기제조업,1,2017,1,25,,,,,,2017-01-25
8472266,계량기제조업,1,1973,11,19,,,,,,1973-11-19
8472267,계량기제조업,1,1974,10,10,,,,,,1974-10-10
8472268,계량기제조업,1,1993,5,22,,,,,,1993-05-22
8472269,계량기제조업,1,2020,7,17,,,,,,2020-07-17
8472270,계량기제조업,1,2007,9,28,,,,,,2007-09-28
8472271,계량기제조업,1,1997,5,16,,,,,,1997-05-16
8472272,계량기제조업,1,2015,11,4,,,,,,2015-11-04
8472273,계량기제조업,1,1970,6,26,,,,,,1970-06-26
8472274,계량기제조업,1,2020,12,29,,,,,,2020-12-29
8472275,계량기제조업,0,2010,4,30,2013,2,20,3,2013-02-20,2010-04-30
8472276,계량기제조업,0,2012,2,15,2014,1,29,2,2014-01-29,2012-02-15
8472277,계량기제조업,1,2021,9,15,,,,,,2021-09-15
8472278,계량기제조업,1,2004,12,30,,,,,,2004-12-30
8472279,계량기제조업,1,2019,9,3,,,,,,2019-09-03
8472280,계량기제조업,1,1985,12,16,,,,,,1985-12-16
8472281,계량기제조업,1,2021,12,20,,,,,,2021-12-20
8472282,계량기제조업,1,2020,5,21,,,,,,2020-05-21
8472283,계량기제조업,0,2015,2,5,2015,9,30,0,2015-09-30,2015-02-05
8472284,계량기제조업,0,2018,5,8,2018,8,14,0,2018-08-14,2018-05-08
8472285,계량기제조업,1,2022,2,8,,,,,,2022-02-08
8472286,계량기제조업,1,2022,4,12,,,,,,2022-04-12
8472287,계량기제조업,1,2021,3,8,,,,,,2021-03-08
8472288,계량기제조업,1,2020,11,16,,,,,,2020-11-16
8472289,계량기제조업,1,2020,4,29,,,,,,2020-04-29
8472290,계량기제조업,1,2014,12,30,,,,,,2014-12-30
8472291,계량기제조업,1,2013,9,2,,,,,,2013-09-02
8472292,계량기제조업,1,1981,5,30,,,,,,1981-05-30
8472293,계량기제조업,1,2006,9,21,,,,,,2006-09-21
8472294,계량기제조업,1,1973,9,1,,,,,,1973-09-01
8472295,계량기제조업,1,1994,6,18,,,,,,1994-06-18
8472296,계량기제조업,0,2018,5,8,2018,8,14,0,2018-08-14,2018-05-08
8472297,계량기제조업,0,2006,2,13,,,,,,2006-02-13
8472298,계량기제조업,1,2022,10,5,,,,,,2022-10-05
8472299,계량기제조업,1,2021,6,7,,,,,,2021-06-07
8472300,계량기제조업,1,2004,4,23,,,,,,2004-04-23
8472301,계량기제조업,1,1989,1,21,,,,,,1989-01-21
8472302,계량기제조업,0,2004,2,12,2010,5,4,6,2010-05-04,2004-02-12
8472303,계량기제조업,1,1998,10,23,,,,,,1998-10-23
8472304,계량기제조업,1,2006,1,25,2011,8,3,5,2011-08-03,2006-01-25
8472305,계량기제조업,1,2001,3,27,2011,8,3,10,2011-08-03,2001-03-27
8472306,계량기제조업,1,1986,10,4,,,,,,1986-10-04
8472307,계량기제조업,1,2005,6,7,,,,,,2005-06-07
8472308,계량기제조업,1,2022,2,24,,,,,,2022-02-24
8472309,계량기제조업,1,2018,11,29,,,,,,2018-11-29
8472310,계량기제조업,1,2014,9,25,,,,,,2014-09-25
8472311,계량기제조업,1,2020,7,15,,,,,,2020-07-15
8472312,계량기제조업,1,2021,5,17,,,,,,2021-05-17
8472313,계량기제조업,0,2010,12,30,2011,8,3,1,2011-08-03,2010-12-30
8472314,계량기제조업,0,1998,8,31,2011,8,3,13,2011-08-03,1998-08-31
8472315,계량기제조업,0,2006,1,20,2008,12,29,2,2008-12-29,2006-01-20
8472316,계량기제조업,0,2005,8,25,2008,9,23,3,2008-09-23,2005-08-25
8472317,계량기제조업,0,2005,6,7,2011,1,20,6,2011-01-20,2005-06-07
8472318,계량기제조업,0,2003,4,7,2021,5,11,18,2021-05-11,2003-04-07
8472319,계량기제조업,0,2005,6,7,2011,1,20,6,2011-01-20,2005-06-07
8472320,계량기제조업,1,2015,12,14,,,,,,2015-12-14
8472321,계량기제조업,1,1991,8,23,,,,,,1991-08-23
8472322,계량기제조업,1,2017,3,23,,,,,,2017-03-23
8472323,계량기제조업,1,2019,6,19,,,,,,2019-06-19
8472324,계량기제조업,0,2017,11,20,2021,2,1,4,2021-02-01,2017-11-20
8472325,계량기제조업,1,2022,6,27,,,,,,2022-06-27
8472326,계량기제조업,1,2020,12,31,,,,,,2020-12-31
8472327,계량기제조업,1,2014,12,31,,,,,,2014-12-31
8472328,계량기제조업,1,2022,11,11,,,,,,2022-11-11
8472329,계량기제조업,1,2021,5,24,,,,,,2021-05-24
8472330,계량기제조업,1,2002,1,9,,,,,,2002-01-09
8472331,계량기제조업,0,2019,4,15,2020,11,2,1,2020-11-02,2019-04-15
8472332,계량기제조업,1,2021,2,2,,,,,,2021-02-02
8472333,계량기제조업,1,2021,2,1,,,,,,2021-02-01
8472334,계량기제조업,1,1996,11,19,,,,,,1996-11-19
8472335,계량기제조업,1,2022,10,19,,,,,,2022-10-19
8472336,계량기제조업,1,2004,9,1,,,,,,2004-09-01
8472337,계량기제조업,1,2019,7,16,,,,,,2019-07-16
8472338,계량기제조업,1,2009,1,5,,,,,,2009-01-05
8472339,계량기제조업,1,2004,2,9,,,,,,2004-02-09
8472340,계량기제조업,1,2015,5,21,,,,,,2015-05-21
8472341,계량기제조업,1,2021,10,15,,,,,,2021-10-15
8472342,계량기제조업,1,2006,12,19,,,,,,2006-12-19
8472343,계량기제조업,1,2007,10,10,,,,,,2007-10-10
8472344,계량기제조업,1,2017,1,10,,,,,,2017-01-10
8472345,계량기제조업,0,1999,5,31,2005,7,13,6,2005-07-13,1999-05-31
8472346,계량기제조업,1,2021,1,20,,,,,,2021-01-20
8472347,계량기제조업,1,2021,9,8,,,,,,2021-09-08
8472348,계량기제조업,1,2020,6,17,,,,,,2020-06-17
8472349,계량기제조업,1,2003,11,13,,,,,,2003-11-13
8472350,계량기제조업,1,2001,5,2,,,,,,2001-05-02
8472351,계량기제조업,1,2010,3,17,,,,,,2010-03-17
8472352,계량기제조업,1,2008,11,26,,,,,,2008-11-26
8472353,계량기제조업,1,2022,3,4,,,,,,2022-03-04
8472354,계량기제조업,1,2022,10,4,,,,,,2022-10-04
8472355,계량기제조업,1,2020,3,30,,,,,,2020-03-30
8472356,계량기제조업,1,2002,7,20,,,,,,2002-07-20
8472357,계량기제조업,1,2022,6,22,,,,,,2022-06-22
8472358,계량기제조업,1,2011,2,18,,,,,,2011-02-18
8472359,계량기제조업,1,2020,2,5,,,,,,2020-02-05
8472360,계량기제조업,1,2021,3,22,,,,,,2021-03-22
8472361,계량기제조업,1,1996,1,20,,,,,,1996-01-20
8472362,계량기제조업,1,2021,1,14,,,,,,2021-01-14
8472363,계량기제조업,0,2008,8,12,2018,1,23,10,2018-01-23,2008-08-12
8472364,계량기제조업,1,2006,5,29,,,,,,2006-05-29
8472365,계량기제조업,1,2022,5,19,,,,,,2022-05-19
8472366,계량기제조업,1,2010,12,1,,,,,,2010-12-01
8472367,계량기제조업,1,2016,4,6,,,,,,2016-04-06
8472368,계량기제조업,1,2014,8,14,,,,,,2014-08-14
8472369,계량기제조업,1,2013,10,2,,,,,,2013-10-02
8472370,계량기제조업,1,2012,8,24,,,,,,2012-08-24
8472371,계량기제조업,1,2022,11,8,,,,,,2022-11-08
8472372,계량기제조업,1,2002,7,24,,,,,,2002-07-24
8472373,계량기제조업,1,2018,4,4,,,,,,2018-04-04
8472374,계량기제조업,0,2011,1,31,2019,4,19,8,2019-04-19,2011-01-31
8472375,계량기제조업,1,2013,7,24,,,,,,2013-07-24
8472376,계량기제조업,1,2006,5,24,,,,,,2006-05-24
8472377,계량기제조업,1,2007,3,28,,,,,,2007-03-28
8472378,계량기제조업,1,2010,4,5,,,,,,2010-04-05
8472379,계량기제조업,1,2006,1,26,,,,,,2006-01-26
8472380,계량기제조업,0,2018,2,22,2020,8,25,2,2020-08-25,2018-02-22
8472381,계량기제조업,1,2021,4,13,,,,,,2021-04-13
8472382,계량기제조업,0,2017,7,12,2020,8,28,3,2020-08-28,2017-07-12
8472383,계량기제조업,1,2022,10,17,,,,,,2022-10-17
8472384,계량기제조업,0,2014,7,29,2020,1,21,6,2020-01-21,2014-07-29
8472385,계량기제조업,0,2001,7,26,2020,8,25,19,2020-08-25,2001-07-26
8472386,계량기제조업,0,2002,7,26,2020,10,19,18,2020-10-19,2002-07-26
8472387,계량기제조업,1,2020,7,9,,,,,,2020-07-09
8472388,계량기제조업,1,2021,10,21,,,,,,2021-10-21
8472389,계량기제조업,1,2015,3,31,,,,,,2015-03-31
8472390,계량기제조업,1,2015,6,9,,,,,,2015-06-09
8472391,계량기제조업,0,2012,9,11,2018,12,4,6,2018-12-04,2012-09-11
8472392,계량기제조업,1,2018,1,3,,,,,,2018-01-03
8472393,계량기제조업,1,2022,3,4,,,,,,2022-03-04
8472394,계량기제조업,1,2008,4,16,,,,,,2008-04-16
8472395,계량기제조업,1,2021,4,22,,,,,,2021-04-22
8472396,계량기제조업,1,2022,10,17,,,,,,2022-10-17
8472397,계량기제조업,1,2022,11,3,,,,,,2022-11-03
8472398,계량기제조업,1,2009,4,16,,,,,,2009-04-16
8472399,계량기제조업,1,2017,7,19,,,,,,2017-07-19
8472400,계량기제조업,1,2017,6,9,,,,,,2017-06-09
8472401,계량기제조업,1,2016,8,4,,,,,,2016-08-04
8472402,계량기제조업,1,2016,4,18,,,,,,2016-04-18
8472403,계량기제조업,1,2016,3,30,,,,,,2016-03-30
8472404,계량기제조업,1,2014,9,5,,,,,,2014-09-05
8472405,계량기제조업,1,2014,6,25,,,,,,2014-06-25
8472406,계량기제조업,1,2013,5,27,,,,,,2013-05-27
8472407,계량기제조업,0,2015,8,7,2019,12,2,4,2019-12-02,2015-08-07
8472408,계량기제조업,1,1991,4,8,,,,,,1991-04-08
8472409,계량기제조업,1,2022,8,1,,,,,,2022-08-01
8472410,계량기제조업,0,2015,8,7,2019,12,2,4,2019-12-02,2015-08-07
8472411,계량기제조업,0,2014,4,11,,,,,,2014-04-11
8472412,계량기제조업,1,2022,3,4,,,,,,2022-03-04
8472413,계량기제조업,0,1992,2,13,2016,5,16,24,2016-05-16,1992-02-13
8472414,계량기제조업,0,2004,4,20,2020,2,20,16,2020-02-20,2004-04-20
8472415,계량기제조업,1,2003,7,31,,,,,,2003-07-31
8472416,계량기제조업,1,2011,12,1,,,,,,2011-12-01
8472417,계량기제조업,1,2017,4,10,,,,,,2017-04-10
8472418,계량기제조업,0,2000,1,1,,,,,,2000-01-01
8472419,계량기제조업,1,2022,3,24,,,,,,2022-03-24
8472420,계량기제조업,1,2022,4,7,,,,,,2022-04-07
8472421,계량기제조업,1,2022,3,18,,,,,,2022-03-18
8472422,계량기제조업,1,1999,10,14,,,,,,1999-10-14
8472423,계량기제조업,1,2005,12,12,,,,,,2005-12-12
8472424,계량기제조업,1,2017,5,19,,,,,,2017-05-19
8472425,계량기제조업,1,2001,12,7,,,,,,2001-12-07
8472426,계량기제조업,0,2011,7,1,2012,7,17,1,2012-07-17,2011-07-01
8472427,계량기제조업,0,2009,11,10,2010,4,21,1,2010-04-21,2009-11-10
8472428,계량기제조업,0,2009,2,25,2011,8,10,2,2011-08-10,2009-02-25
8472429,계량기제조업,1,2022,1,24,,,,,,2022-01-24
8472430,계량기제조업,0,2005,11,8,2010,1,22,5,2010-01-22,2005-11-08
8472431,계량기제조업,0,2009,2,25,2010,12,10,1,2010-12-10,2009-02-25
8472432,계량기제조업,1,2020,1,16,,,,,,2020-01-16
8472433,계량기제조업,1,2016,12,28,,,,,,2016-12-28
8472434,계량기제조업,1,2017,4,19,,,,,,2017-04-19
8472435,계량기제조업,1,2017,2,14,,,,,,2017-02-14
8472436,계량기제조업,1,2014,8,29,,,,,,2014-08-29
8472437,계량기제조업,1,2010,2,19,,,,,,2010-02-19
8472438,계량기제조업,1,2013,5,13,,,,,,2013-05-13
8472439,계량기제조업,1,2012,8,10,,,,,,2012-08-10
8472440,계량기제조업,1,2010,10,4,,,,,,2010-10-04
8472441,계량기제조업,1,2006,4,10,,,,,,2006-04-10
8472442,계량기제조업,1,2002,10,10,,,,,,2002-10-10
8472443,계량기제조업,1,1997,2,24,,,,,,1997-02-24
8472444,계량기제조업,1,2001,7,26,,,,,,2001-07-26
8472445,계량기제조업,1,2009,4,13,,,,,,2009-04-13
8472446,계량기제조업,1,2009,3,12,,,,,,2009-03-12
8472447,계량기제조업,1,2019,6,24,,,,,,2019-06-24
8472448,계량기제조업,1,2022,7,20,,,,,,2022-07-20
8472449,계량기제조업,1,2013,8,9,,,,,,2013-08-09
8472450,계량기제조업,1,2019,10,15,,,,,,2019-10-15
8472451,계량기제조업,1,2009,12,16,,,,,,2009-12-16
8472452,계량기제조업,1,2009,4,1,,,,,,2009-04-01
8472453,계량기제조업,1,2012,5,15,,,,,,2012-05-15
8472454,계량기제조업,1,2013,1,31,,,,,,2013-01-31
8472455,계량기제조업,1,2013,9,6,,,,,,2013-09-06
8472456,계량기제조업,1,2005,2,28,,,,,,2005-02-28
8472457,계량기제조업,1,2015,9,25,,,,,,2015-09-25
8472458,계량기제조업,1,1988,3,11,,,,,,1988-03-11
8472459,계량기제조업,1,2021,11,10,,,,,,2021-11-10
8472460,계량기제조업,1,2022,12,23,,,,,,2022-12-23
8472461,계량기제조업,1,2014,7,15,,,,,,2014-07-15
8472462,계량기제조업,1,1998,2,28,,,,,,1998-02-28
8472463,계량기제조업,0,2008,5,15,2018,10,31,10,2018-10-31,2008-05-15
8472464,계량기제조업,0,2012,1,19,2018,7,19,6,2018-07-19,2012-01-19
8472465,계량기제조업,1,2016,6,18,,,,,,2016-06-18
8472466,계량기제조업,1,2007,11,9,,,,,,2007-11-09
8472467,계량기제조업,1,2014,4,3,,,,,,2014-04-03
8472468,계량기제조업,1,2022,8,5,,,,,,2022-08-05
8472469,계량기제조업,1,2019,2,22,,,,,,2019-02-22
8472470,계량기제조업,0,1998,2,11,,,,,,1998-02-11
8472471,계량기제조업,0,2002,4,25,2018,2,13,16,2018-02-13,2002-04-25
8472472,계량기제조업,1,2017,4,17,,,,,,2017-04-17
8472473,계량기제조업,1,2017,12,29,,,,,,2017-12-29
8472474,계량기제조업,1,2017,4,10,,,,,,2017-04-10
8472475,계량기제조업,1,2015,3,28,,,,,,2015-03-28
8472476,계량기제조업,1,2012,6,12,,,,,,2012-06-12
8472477,계량기제조업,1,2011,3,16,,,,,,2011-03-16
8472478,계량기제조업,1,2010,3,18,,,,,,2010-03-18
8472479,계량기제조업,1,2009,11,10,,,,,,2009-11-10
8472480,계량기제조업,1,2008,6,3,,,,,,2008-06-03
8472481,계량기제조업,1,2003,8,6,,,,,,2003-08-06
8472482,계량기제조업,1,2000,11,29,,,,,,2000-11-29
8472483,계량기제조업,1,1999,11,5,,,,,,1999-11-05
8472484,계량기제조업,1,1984,12,21,,,,,,1984-12-21
8472485,계량기제조업,1,2021,5,27,,,,,,2021-05-27
8472486,계량기제조업,1,2020,8,11,,,,,,2020-08-11
8472487,계량기제조업,1,2021,11,2,,,,,,2021-11-02
8472488,계량기제조업,1,2020,4,7,,,,,,2020-04-07
8472489,계량기제조업,1,2022,1,27,,,,,,2022-01-27
8472490,계량기제조업,1,2014,11,5,,,,,,2014-11-05
8472491,계량기제조업,1,2019,1,30,,,,,,2019-01-30
8472492,계량기제조업,1,2002,11,30,,,,,,2002-11-30
8472493,계량기제조업,1,2001,6,26,,,,,,2001-06-26
8472494,계량기제조업,1,2011,11,18,,,,,,2011-11-18
8472495,계량기제조업,1,1994,10,17,,,,,,1994-10-17
8472496,계량기제조업,1,2021,2,17,,,,,,2021-02-17
8472497,계량기제조업,1,2022,11,1,,,,,,2022-11-01
8472498,계량기제조업,1,2017,9,25,,,,,,2017-09-25
8472499,계량기제조업,1,2022,12,13,,,,,,2022-12-13
8472500,계량기제조업,1,2018,1,23,,,,,,2018-01-23
8472501,계량기제조업,1,2017,11,29,,,,,,2017-11-29
8472502,계량기제조업,1,2016,6,9,,,,,,2016-06-09
8472503,계량기제조업,1,2022,1,5,,,,,,2022-01-05
8472504,계량기제조업,1,2021,12,8,,,,,,2021-12-08
8472505,계량기제조업,1,2016,5,9,,,,,,2016-05-09
8472506,계량기제조업,1,2022,5,10,,,,,,2022-05-10
8472507,계량기제조업,1,2019,2,12,,,,,,2019-02-12
8472508,계량기제조업,1,2010,11,3,,,,,,2010-11-03
8472509,계량기제조업,1,2014,11,24,,,,,,2014-11-24
8472510,계량기제조업,1,2015,11,18,,,,,,2015-11-18
8472511,계량기제조업,1,2018,2,5,,,,,,2018-02-05
8472512,계량기제조업,1,2018,11,12,,,,,,2018-11-12
8472513,계량기제조업,0,2005,5,16,2011,9,27,6,2011-09-27,2005-05-16
8472514,계량기제조업,1,2020,2,10,,,,,,2020-02-10
8472515,계량기제조업,1,2020,2,24,,,,,,2020-02-24
8472516,계량기제조업,1,2022,11,14,,,,,,2022-11-14
8472517,계량기제조업,1,2022,9,13,,,,,,2022-09-13
8472518,계량기제조업,1,2012,7,13,,,,,,2012-07-13
8472519,계량기제조업,1,2014,3,21,,,,,,2014-03-21
8472520,계량기제조업,1,2021,6,2,,,,,,2021-06-02
8472521,계량기제조업,1,2022,4,26,,,,,,2022-04-26
8472522,계량기제조업,1,2018,10,29,,,,,,2018-10-29
8472523,계량기제조업,1,2011,5,27,,,,,,2011-05-27
8472524,계량기제조업,1,2018,12,10,,,,,,2018-12-10
8472525,계량기제조업,1,2010,10,11,,,,,,2010-10-11
8472526,계량기제조업,1,2022,1,12,,,,,,2022-01-12
8472527,계량기제조업,1,2022,8,12,,,,,,2022-08-12
8472528,계량기제조업,1,1996,3,27,,,,,,1996-03-27
8472529,계량기제조업,1,2022,6,22,,,,,,2022-06-22
8472530,계량기제조업,1,2015,12,7,,,,,,2015-12-07
8472531,계량기제조업,1,2021,4,15,,,,,,2021-04-15
8472532,계량기제조업,1,1997,12,31,,,,,,1997-12-31
8472533,계량기제조업,1,2001,5,16,,,,,,2001-05-16
8472534,계량기제조업,0,2014,1,13,2015,2,25,1,2015-02-25,2014-01-13
8472535,계량기제조업,1,2012,3,19,,,,,,2012-03-19
8472536,계량기제조업,1,2013,4,15,,,,,,2013-04-15
8472537,계량기제조업,1,2015,3,20,,,,,,2015-03-20
8472538,계량기제조업,1,2020,12,9,,,,,,2020-12-09
8472539,계량기제조업,0,2004,5,25,2020,1,31,16,2020-01-31,2004-05-25
8472540,계량기제조업,1,2018,12,3,,,,,,2018-12-03
8472541,계량기제조업,1,2013,4,18,,,,,,2013-04-18
8472542,계량기제조업,1,2013,4,5,,,,,,2013-04-05
8472543,계량기제조업,1,2012,5,22,,,,,,2012-05-22
8472544,계량기제조업,1,2022,12,7,,,,,,2022-12-07
8472545,계량기제조업,1,2017,6,19,,,,,,2017-06-19
8472546,계량기제조업,1,2016,9,12,,,,,,2016-09-12
8472547,계량기제조업,1,2007,9,10,,,,,,2007-09-10
8472548,계량기제조업,1,2021,12,22,,,,,,2021-12-22
8472549,계량기제조업,1,2017,12,28,,,,,,2017-12-28
8472550,계량기제조업,1,1991,8,8,,,,,,1991-08-08
8472551,계량기제조업,1,2003,3,19,,,,,,2003-03-19
8472552,계량기제조업,1,2000,1,26,,,,,,2000-01-26
8472553,계량기제조업,1,2007,2,7,,,,,,2007-02-07
8472554,계량기제조업,1,2008,8,26,,,,,,2008-08-26
8472555,계량기제조업,0,2016,7,29,2020,7,6,4,2020-07-06,2016-07-29
8472556,계량기제조업,1,2012,4,19,,,,,,2012-04-19
8472557,계량기제조업,1,2006,3,10,,,,,,2006-03-10
8472558,계량기제조업,1,2015,7,27,,,,,,2015-07-27
8472559,계량기제조업,0,1999,9,13,2013,1,29,14,2013-01-29,1999-09-13
8472560,계량기제조업,1,2012,11,21,,,,,,2012-11-21
8472561,계량기제조업,1,2012,3,30,,,,,,2012-03-30
8472562,계량기제조업,1,2011,11,23,,,,,,2011-11-23
8472563,계량기제조업,1,2013,10,30,,,,,,2013-10-30
8472564,계량기제조업,1,2003,10,14,,,,,,2003-10-14
8472565,계량기제조업,1,2003,5,27,,,,,,2003-05-27
8472566,계량기제조업,1,2008,4,21,,,,,,2008-04-21
8472567,계량기제조업,1,1973,9,1,,,,,,1973-09-01
8472568,계량기제조업,1,2002,10,30,,,,,,2002-10-30
8472569,계량기제조업,1,1995,5,4,,,,,,1995-05-04
8472570,계량기제조업,1,2021,11,16,,,,,,2021-11-16
8472571,계량기제조업,1,2007,8,28,,,,,,2007-08-28
8472572,계량기제조업,1,2016,3,31,,,,,,2016-03-31
8472573,계량기제조업,1,2010,5,31,,,,,,2010-05-31
8472574,계량기제조업,1,2010,11,3,,,,,,2010-11-03
8472575,계량기제조업,1,2020,4,22,,,,,,2020-04-22
8472576,계량기제조업,1,2010,12,1,,,,,,2010-12-01
8472577,계량기제조업,1,2020,1,20,,,,,,2020-01-20
8472578,계량기제조업,1,2020,2,7,,,,,,2020-02-07
8472579,계량기제조업,1,2018,1,8,,,,,,2018-01-08
8472580,계량기제조업,1,2021,1,27,,,,,,2021-01-27
8472581,계량기제조업,1,2022,5,18,,,,,,2022-05-18
8472582,계량기제조업,0,2005,9,8,2009,1,19,4,2009-01-19,2005-09-08
8472583,계량기제조업,0,2009,11,27,2009,11,30,0,2009-11-30,2009-11-27
8472584,계량기제조업,0,2010,5,31,2011,6,27,1,2011-06-27,2010-05-31
8472585,계량기제조업,1,2010,12,30,,,,,,2010-12-30
8472586,계량기제조업,1,2017,7,28,,,,,,2017-07-28
8472587,계량기제조업,1,2019,7,16,,,,,,2019-07-16
8472588,계량기제조업,1,2019,10,17,,,,,,2019-10-17
8472589,계량기제조업,1,2019,12,13,,,,,,2019-12-13
8472590,계량기제조업,1,2011,1,14,,,,,,2011-01-14
8472591,계량기제조업,1,2021,10,21,,,,,,2021-10-21
8472592,계량기제조업,1,2019,12,30,,,,,,2019-12-30
8472593,계량기제조업,1,2020,7,21,,,,,,2020-07-21
8472594,계량기제조업,1,2014,2,27,,,,,,2014-02-27
8472595,계량기제조업,1,2016,3,25,,,,,,2016-03-25
8472596,계량기제조업,0,2016,3,25,2019,10,10,3,2019-10-10,2016-03-25
8472597,계량기제조업,1,2016,11,11,,,,,,2016-11-11
8472598,계량기제조업,1,2019,9,20,,,,,,2019-09-20
8472599,계량기제조업,1,2012,3,27,,,,,,2012-03-27
8472600,계량기제조업,1,2018,8,24,,,,,,2018-08-24
8472601,계량기제조업,1,2022,4,12,,,,,,2022-04-12
8472602,계량기제조업,1,2022,12,22,,,,,,2022-12-22
8472603,계량기제조업,1,2021,11,26,,,,,,2021-11-26
8472604,계량기제조업,1,2019,5,13,,,,,,2019-05-13
8472605,계량기제조업,1,1983,11,25,,,,,,1983-11-25
8472606,계량기제조업,1,2017,5,26,,,,,,2017-05-26
8472607,계량기제조업,1,2021,11,4,,,,,,2021-11-04
8472608,계량기제조업,1,2020,4,23,,,,,,2020-04-23
8472609,계량기제조업,1,2020,5,27,,,,,,2020-05-27
8472610,계량기제조업,1,2013,6,5,,,,,,2013-06-05
8472611,계량기제조업,1,1997,11,20,,,,,,1997-11-20
8472612,계량기제조업,1,2002,5,18,,,,,,2002-05-18
8472613,계량기제조업,1,2015,10,22,,,,,,2015-10-22
8472614,계량기제조업,1,2020,3,13,,,,,,2020-03-13
8472615,계량기제조업,1,2015,12,11,,,,,,2015-12-11
8472616,계량기제조업,1,1991,10,30,,,,,,1991-10-30
8472617,계량기제조업,1,2008,9,16,,,,,,2008-09-16
8472618,계량기제조업,1,2006,10,20,,,,,,2006-10-20
8472619,계량기제조업,1,2002,11,19,,,,,,2002-11-19
8472620,계량기제조업,1,2013,4,8,,,,,,2013-04-08
8472621,계량기제조업,1,2002,5,22,,,,,,2002-05-22
8472622,계량기제조업,1,2001,11,8,,,,,,2001-11-08
8472623,계량기제조업,1,2022,6,9,,,,,,2022-06-09
8472624,계량기제조업,1,2008,10,22,,,,,,2008-10-22
8472625,계량기제조업,1,2021,1,26,,,,,,2021-01-26
8472626,계량기제조업,0,1991,6,8,,,,,,1991-06-08
8472627,계량기제조업,1,2021,3,31,,,,,,2021-03-31
8472628,계량기제조업,1,2002,6,15,,,,,,2002-06-15
8472629,계량기제조업,0,2013,7,9,,,,,,2013-07-09
8472630,계량기제조업,0,2008,10,6,,,,,,2008-10-06
8472631,계량기제조업,0,2007,3,29,2013,1,8,6,2013-01-08,2007-03-29
8472632,계량기제조업,0,2002,4,4,,,,,,2002-04-04
8472633,계량기제조업,1,2002,5,29,,,,,,2002-05-29
8472634,계량기제조업,1,1995,4,24,,,,,,1995-04-24
8472635,계량기제조업,1,2005,7,14,,,,,,2005-07-14
8472636,계량기제조업,1,2015,4,10,,,,,,2015-04-10
8472637,계량기제조업,1,1997,9,5,,,,,,1997-09-05
8472638,계량기제조업,1,2018,2,14,,,,,,2018-02-14
8472639,계량기제조업,1,2012,12,3,,,,,,2012-12-03
8472640,계량기제조업,1,2019,9,16,,,,,,2019-09-16
8472641,계량기제조업,1,2017,6,13,,,,,,2017-06-13
8472642,계량기제조업,1,2017,6,13,,,,,,2017-06-13
8472643,계량기제조업,1,2012,11,29,,,,,,2012-11-29
8472644,계량기제조업,1,2021,3,10,,,,,,2021-03-10
8472645,계량기제조업,1,2019,9,30,,,,,,2019-09-30
8472646,계량기제조업,1,2021,9,27,,,,,,2021-09-27
8472647,계량기제조업,1,2021,6,23,,,,,,2021-06-23
8472648,계량기제조업,1,2010,9,29,,,,,,2010-09-29
8472649,계량기제조업,1,2022,10,4,,,,,,2022-10-04
8472650,계량기제조업,1,2022,4,1,,,,,,2022-04-01
8472651,계량기제조업,1,2022,2,28,,,,,,2022-02-28
8472652,계량기제조업,1,2020,4,28,,,,,,2020-04-28
8472653,계량기제조업,1,2018,10,1,,,,,,2018-10-01
8472654,계량기제조업,1,2018,9,6,,,,,,2018-09-06
8472655,계량기제조업,1,2018,8,24,,,,,,2018-08-24
8472656,계량기제조업,1,2018,8,16,,,,,,2018-08-16
8472657,계량기제조업,1,2018,7,17,,,,,,2018-07-17
8472658,계량기제조업,1,2018,7,13,,,,,,2018-07-13
8472659,계량기제조업,1,2018,7,5,,,,,,2018-07-05
8472660,계량기제조업,1,2018,7,5,,,,,,2018-07-05
8472661,계량기제조업,1,2018,6,26,,,,,,2018-06-26
8472662,계량기제조업,1,2018,4,26,,,,,,2018-04-26
8472663,계량기제조업,1,2018,3,26,,,,,,2018-03-26
8472664,계량기제조업,1,2017,8,11,,,,,,2017-08-11
8472665,계량기제조업,1,2018,3,20,,,,,,2018-03-20
8472666,계량기제조업,1,2017,5,29,,,,,,2017-05-29
8472667,계량기제조업,1,2017,6,30,,,,,,2017-06-30
8472668,계량기제조업,1,2017,7,12,,,,,,2017-07-12
8472669,계량기제조업,1,2017,7,21,,,,,,2017-07-21
8472670,계량기제조업,1,2016,12,29,,,,,,2016-12-29
8472671,계량기제조업,1,2011,5,12,,,,,,2011-05-12
8472672,계량기제조업,1,2020,5,8,,,,,,2020-05-08
8472673,계량기제조업,1,2005,7,18,,,,,,2005-07-18
8472674,계량기제조업,1,2021,10,25,,,,,,2021-10-25
8472675,계량기제조업,1,2022,9,7,,,,,,2022-09-07
8472676,계량기제조업,1,2008,8,12,,,,,,2008-08-12
8472677,계량기제조업,1,2015,1,20,,,,,,2015-01-20
8472678,계량기제조업,1,2011,10,30,,,,,,2011-10-30
8472679,계량기제조업,1,2017,12,7,,,,,,2017-12-07
8472680,계량기제조업,1,2020,3,12,,,,,,2020-03-12
8472681,계량기제조업,1,2011,10,30,,,,,,2011-10-30
8472682,계량기제조업,1,2012,5,25,,,,,,2012-05-25
8472683,계량기제조업,1,2015,9,23,,,,,,2015-09-23
8472684,계량기제조업,0,2014,5,15,2020,2,13,6,2020-02-13,2014-05-15
8472685,계량기제조업,1,2016,11,14,,,,,,2016-11-14
8472686,계량기제조업,1,2022,2,16,,,,,,2022-02-16
8472687,계량기제조업,1,2012,2,10,,,,,,2012-02-10
8472688,계량기제조업,1,2022,2,15,,,,,,2022-02-15
8472689,계량기제조업,1,2009,8,17,,,,,,2009-08-17
8472690,계량기제조업,1,2021,6,1,,,,,,2021-06-01
8472691,계량기제조업,1,2022,7,19,,,,,,2022-07-19
8472692,계량기제조업,1,2012,1,20,,,,,,2012-01-20
8472693,계량기제조업,1,2018,2,6,,,,,,2018-02-06
8472694,계량기제조업,1,2015,4,24,,,,,,2015-04-24
8472695,계량기제조업,1,2010,12,7,,,,,,2010-12-07
8472696,계량기제조업,1,2005,1,11,,,,,,2005-01-11
8472697,계량기제조업,1,2016,6,27,,,,,,2016-06-27
8472698,계량기제조업,1,1999,1,4,,,,,,1999-01-04
8472699,계량기제조업,1,1998,1,21,,,,,,1998-01-21
8472700,계량기제조업,1,1962,12,6,,,,,,1962-12-06
8472701,계량기제조업,1,2021,11,10,,,,,,2021-11-10
8472702,계량기제조업,0,1998,12,17,2006,1,20,8,2006-01-20,1998-12-17
8472703,계량기제조업,1,2016,5,4,,,,,,2016-05-04
8472704,계량기제조업,1,2014,12,16,,,,,,2014-12-16
8472705,계량기제조업,1,2011,1,24,,,,,,2011-01-24
8472706,계량기제조업,1,2008,9,30,,,,,,2008-09-30
8472707,계량기제조업,1,2003,4,29,,,,,,2003-04-29
8472708,계량기제조업,1,1987,11,20,,,,,,1987-11-20
8472709,계량기제조업,1,1993,4,21,,,,,,1993-04-21
8472710,계량기제조업,1,2020,5,22,,,,,,2020-05-22
8472711,계량기제조업,1,2007,5,10,,,,,,2007-05-10
8472712,계량기제조업,1,2022,6,30,,,,,,2022-06-30
8472713,계량기제조업,1,2022,6,29,,,,,,2022-06-29
8472714,계량기제조업,1,2022,5,9,,,,,,2022-05-09
8472715,계량기제조업,0,2010,11,11,2016,5,25,6,2016-05-25,2010-11-11
8472716,계량기제조업,1,2018,3,29,,,,,,2018-03-29
8472717,계량기제조업,1,2018,3,29,,,,,,2018-03-29
8472718,계량기제조업,1,2002,7,24,,,,,,2002-07-24
8472719,계량기제조업,1,2002,7,24,,,,,,2002-07-24
8472720,계량기제조업,1,2017,5,23,,,,,,2017-05-23
8472721,계량기제조업,1,2008,10,20,,,,,,2008-10-20
8472722,계량기제조업,1,2020,4,17,,,,,,2020-04-17
8472723,계량기제조업,1,2017,4,28,,,,,,2017-04-28
8472724,계량기제조업,1,1995,12,8,,,,,,1995-12-08
8472725,계량기제조업,1,2017,7,25,,,,,,2017-07-25
8472726,계량기제조업,1,2018,3,27,,,,,,2018-03-27
8472727,계량기제조업,1,2001,7,26,,,,,,2001-07-26
8472728,계량기제조업,1,2018,9,10,,,,,,2018-09-10
8472729,계량기제조업,1,2022,10,12,,,,,,2022-10-12
8472730,계량기제조업,1,2022,11,8,,,,,,2022-11-08
8472731,계량기제조업,1,2018,3,5,,,,,,2018-03-05
8472732,계량기제조업,1,2022,5,25,,,,,,2022-05-25
8472733,계량기제조업,0,2017,1,25,2021,3,5,4,2021-03-05,2017-01-25
8472734,계량기제조업,1,2020,7,29,,,,,,2020-07-29
8472735,계량기제조업,1,2016,5,20,,,,,,2016-05-20
8472736,계량기제조업,1,1998,4,13,,,,,,1998-04-13
8472737,계량기제조업,1,2001,3,12,,,,,,2001-03-12
8472738,계량기제조업,1,2004,7,30,,,,,,2004-07-30
8472739,계량기제조업,1,2007,5,7,,,,,,2007-05-07
8472740,계량기제조업,1,2007,8,23,,,,,,2007-08-23
8472741,계량기제조업,1,2007,9,12,,,,,,2007-09-12
8472742,계량기제조업,1,2007,12,11,,,,,,2007-12-11
8472743,계량기제조업,1,2008,10,2,,,,,,2008-10-02
8472744,계량기제조업,1,2009,8,3,,,,,,2009-08-03
8472745,계량기제조업,1,2010,12,2,,,,,,2010-12-02
8472746,계량기제조업,1,2013,3,11,,,,,,2013-03-11
8472747,계량기제조업,1,2014,2,4,,,,,,2014-02-04
8472748,계량기제조업,1,2013,5,27,,,,,,2013-05-27
8472749,계량기제조업,1,2015,5,8,,,,,,2015-05-08
8472750,계량기제조업,1,2015,7,21,,,,,,2015-07-21
8472751,계량기제조업,1,2016,4,19,,,,,,2016-04-19
8472752,계량기제조업,1,2005,4,12,,,,,,2005-04-12
8472753,계량기제조업,1,2018,10,26,,,,,,2018-10-26
8472754,계량기제조업,1,2019,12,23,,,,,,2019-12-23
8472755,계량기제조업,1,2010,12,8,,,,,,2010-12-08
8472756,계량기제조업,1,2022,9,29,,,,,,2022-09-29
8472757,계량기제조업,1,1987,3,10,,,,,,1987-03-10
8472758,계량기제조업,1,2016,5,9,,,,,,2016-05-09
8472759,계량기제조업,1,2009,12,15,,,,,,2009-12-15
8472760,계량기제조업,1,2022,11,3,,,,,,2022-11-03
8472761,계량기제조업,1,2022,12,8,,,,,,2022-12-08
8472762,계량기제조업,1,2011,9,28,,,,,,2011-09-28
8472763,계량기제조업,1,2010,6,9,,,,,,2010-06-09
8472764,계량기제조업,1,2009,6,11,,,,,,2009-06-11
8472765,계량기제조업,1,2003,1,1,,,,,,2003-01-01
8472766,계량기제조업,1,2020,4,28,,,,,,2020-04-28
8472767,계량기제조업,1,2020,3,25,,,,,,2020-03-25
8472768,계량기제조업,0,2015,3,5,2019,6,18,4,2019-06-18,2015-03-05
8472769,계량기제조업,0,2008,9,24,2010,6,22,2,2010-06-22,2008-09-24
8472770,계량기제조업,1,2018,7,10,,,,,,2018-07-10
8472771,계량기제조업,1,2019,6,4,,,,,,2019-06-04
8472772,계량기제조업,1,2015,8,27,,,,,,2015-08-27
8472773,계량기제조업,1,2001,3,27,,,,,,2001-03-27
8472774,계량기제조업,1,2008,9,4,,,,,,2008-09-04
8472775,계량기제조업,1,2013,5,29,,,,,,2013-05-29
8472776,계량기제조업,0,2008,5,19,2009,3,9,1,2009-03-09,2008-05-19
8472777,계량기제조업,1,2022,5,30,,,,,,2022-05-30
8472778,계량기제조업,1,2022,6,16,,,,,,2022-06-16
8472779,계량기제조업,1,2013,1,17,,,,,,2013-01-17
8472780,계량기제조업,1,2021,5,28,,,,,,2021-05-28
8472781,계량기제조업,1,2009,4,2,,,,,,2009-04-02
8472782,계량기제조업,1,2001,7,9,,,,,,2001-07-09
8472783,계량기제조업,1,1985,2,22,,,,,,1985-02-22
8472784,계량기제조업,1,2022,11,28,,,,,,2022-11-28
8472785,계량기제조업,1,1985,3,16,,,,,,1985-03-16
8472786,계량기제조업,1,2014,8,27,,,,,,2014-08-27
8472787,계량기제조업,1,2016,10,21,,,,,,2016-10-21
8472788,계량기제조업,1,2007,10,2,,,,,,2007-10-02
8472789,계량기제조업,1,2013,6,20,,,,,,2013-06-20
8472790,계량기제조업,1,2018,3,22,,,,,,2018-03-22
8472791,계량기제조업,1,2021,5,20,,,,,,2021-05-20
8472792,계량기제조업,1,2018,1,23,,,,,,2018-01-23
8472793,계량기제조업,1,1983,2,15,,,,,,1983-02-15
8472794,계량기제조업,1,2020,12,1,,,,,,2020-12-01
8472795,계량기제조업,1,2011,11,1,,,,,,2011-11-01
8472796,계량기제조업,1,2022,1,12,,,,,,2022-01-12
8472797,계량기제조업,1,2017,1,18,,,,,,2017-01-18
8472798,계량기제조업,1,2015,5,20,,,,,,2015-05-20
8472799,계량기제조업,1,2013,3,15,,,,,,2013-03-15
8472800,계량기제조업,1,2003,11,27,,,,,,2003-11-27
8472801,계량기제조업,1,2020,1,21,,,,,,2020-01-21
8472802,계량기제조업,1,2016,12,11,,,,,,2016-12-11
8472803,계량기제조업,1,2015,6,3,,,,,,2015-06-03
8472804,계량기제조업,1,1998,12,17,,,,,,1998-12-17
8472805,계량기제조업,1,2009,12,2,,,,,,2009-12-02
8472806,계량기제조업,1,2010,11,1,,,,,,2010-11-01
8472807,계량기제조업,1,1998,9,19,,,,,,1998-09-19
8472808,계량기제조업,1,2001,6,23,,,,,,2001-06-23
8472809,계량기제조업,1,2001,8,10,,,,,,2001-08-10
8472810,계량기제조업,0,2008,1,8,,,,,,2008-01-08
8472811,계량기제조업,0,1999,7,6,,,,,,1999-07-06
8472812,계량기제조업,0,2008,1,24,,,,,,2008-01-24
8472813,계량기제조업,0,2010,11,1,,,,,,2010-11-01
8472814,계량기제조업,1,2001,2,24,,,,,,2001-02-24
8472815,계량기제조업,1,2001,11,19,,,,,,2001-11-19
8472816,계량기제조업,1,2007,12,28,,,,,,2007-12-28
8472817,계량기제조업,1,1992,9,2,,,,,,1992-09-02
8472818,계량기제조업,1,1997,12,8,,,,,,1997-12-08
8472819,계량기제조업,1,2001,6,11,,,,,,2001-06-11
8472820,계량기제조업,1,2004,5,28,,,,,,2004-05-28
8472821,계량기제조업,1,2001,12,13,,,,,,2001-12-13
8472822,계량기제조업,1,2002,1,19,,,,,,2002-01-19
8472823,계량기제조업,1,2012,12,10,,,,,,2012-12-10
8472824,계량기제조업,1,2012,12,10,,,,,,2012-12-10
8472825,계량기제조업,1,2013,7,15,,,,,,2013-07-15
8472826,계량기제조업,1,2014,5,9,,,,,,2014-05-09
8472827,계량기제조업,1,2007,1,11,,,,,,2007-01-11
8472828,계량기제조업,1,1992,4,28,,,,,,1992-04-28
8472829,계량기제조업,1,1995,12,28,,,,,,1995-12-28
8472830,계량기제조업,1,1998,9,29,,,,,,1998-09-29
8472831,계량기제조업,1,1986,4,28,,,,,,1986-04-28
8472832,계량기제조업,1,1993,12,20,,,,,,1993-12-20
8472833,계량기제조업,1,1991,5,20,,,,,,1991-05-20
8472834,계량기제조업,1,2006,8,17,,,,,,2006-08-17
8472835,계량기제조업,0,2003,5,6,,,,,,2003-05-06
8472836,계량기제조업,0,2004,7,20,,,,,,2004-07-20
8472837,계량기제조업,0,1967,4,28,,,,,,1967-04-28
8472838,계량기제조업,0,1986,2,12,,,,,,1986-02-12
8472839,계량기제조업,0,2006,8,17,,,,,,2006-08-17
8472840,계량기제조업,0,2000,1,28,,,,,,2000-01-28
8472841,계량기제조업,0,1972,11,8,,,,,,1972-11-08
8472842,계량기제조업,1,2006,12,21,,,,,,2006-12-21
8472843,계량기제조업,1,2006,1,12,,,,,,2006-01-12
8472844,계량기제조업,1,2001,11,6,,,,,,2001-11-06
8472845,계량기제조업,1,2011,11,3,,,,,,2011-11-03
8472846,계량기제조업,1,2011,7,25,,,,,,2011-07-25
8472847,계량기제조업,1,2011,7,4,,,,,,2011-07-04
8472848,계량기제조업,1,2010,8,11,,,,,,2010-08-11
8472849,계량기제조업,1,1995,2,27,,,,,,1995-02-27
8472850,계량기제조업,1,2002,10,9,,,,,,2002-10-09
8472851,계량기제조업,1,2003,8,20,,,,,,2003-08-20
8472852,계량기제조업,1,2004,11,18,,,,,,2004-11-18
8472853,계량기제조업,1,2005,1,18,,,,,,2005-01-18
8472854,계량기제조업,1,2005,8,1,,,,,,2005-08-01
8472855,계량기제조업,1,2005,12,9,,,,,,2005-12-09
8472856,계량기제조업,1,1974,11,1,,,,,,1974-11-01
8472857,계량기제조업,1,2006,3,30,,,,,,2006-03-30
8472858,계량기제조업,1,1973,8,25,,,,,,1973-08-25
8472859,계량기제조업,1,2002,1,29,,,,,,2002-01-29
8472860,계량기제조업,1,2006,3,31,,,,,,2006-03-31
8472861,계량기제조업,1,2012,12,31,,,,,,2012-12-31
8472862,계량기제조업,1,2006,3,31,,,,,,2006-03-31
8472863,계량기제조업,1,2008,6,11,,,,,,2008-06-11
8472864,계량기제조업,1,2011,3,30,,,,,,2011-03-30
8472865,계량기제조업,1,2006,3,31,,,,,,2006-03-31
8472866,계량기제조업,1,2008,5,22,,,,,,2008-05-22
8472867,계량기제조업,0,1994,10,17,,,,,,1994-10-17
8472868,계량기제조업,0,2007,4,12,,,,,,2007-04-12
8472869,계량기제조업,0,2008,5,22,,,,,,2008-05-22
8472870,계량기제조업,1,2007,4,11,,,,,,2007-04-11
8472871,계량기제조업,1,2015,2,5,,,,,,2015-02-05
8472872,계량기제조업,1,2015,1,2,,,,,,2015-01-02
8472873,계량기제조업,1,1987,7,27,,,,,,1987-07-27
8472874,계량기제조업,1,2014,5,9,,,,,,2014-05-09
8472875,계량기제조업,1,2022,6,2,,,,,,2022-06-02
8472876,계량기제조업,1,2016,4,14,,,,,,2016-04-14
8472877,계량기제조업,0,2000,10,15,,,,,,2000-10-15
8472878,계량기제조업,0,2009,9,18,,,,,,2009-09-18
8472879,계량기제조업,0,2009,12,2,,,,,,2009-12-02
8472880,계량기제조업,0,1999,6,14,,,,,,1999-06-14
8472881,계량기제조업,0,2007,4,26,,,,,,2007-04-26
8472882,계량기제조업,1,2012,11,1,,,,,,2012-11-01
8472883,계량기제조업,1,2012,9,28,,,,,,2012-09-28
8472884,계량기제조업,1,1988,1,26,,,,,,1988-01-26
8472885,계량기제조업,1,2009,10,23,,,,,,2009-10-23
8472886,계량기제조업,1,2006,2,22,,,,,,2006-02-22
8472887,계량기제조업,1,1995,11,21,,,,,,1995-11-21
8472888,계량기제조업,1,2016,8,25,,,,,,2016-08-25
8472889,계량기제조업,1,2020,4,7,,,,,,2020-04-07
8472890,계량기제조업,1,2004,9,1,,,,,,2004-09-01
8472891,계량기제조업,1,2006,2,21,,,,,,2006-02-21
8472892,계량기제조업,1,2004,5,4,,,,,,2004-05-04
8472893,계량기제조업,1,2004,2,19,,,,,,2004-02-19
8472894,계량기제조업,1,2002,2,15,,,,,,2002-02-15
8472895,계량기제조업,1,1991,6,10,,,,,,1991-06-10
8472896,계량기제조업,1,2010,4,26,,,,,,2010-04-26
8472897,계량기제조업,1,2007,10,10,,,,,,2007-10-10
8472898,계량기제조업,1,2006,12,21,,,,,,2006-12-21
8472899,계량기제조업,1,1994,12,22,,,,,,1994-12-22
8472900,계량기제조업,1,1999,5,24,,,,,,1999-05-24
8472901,계량기제조업,1,2009,11,25,,,,,,2009-11-25
8472902,계량기제조업,1,2012,6,5,,,,,,2012-06-05
8472903,계량기제조업,1,2012,9,12,,,,,,2012-09-12
8472904,계량기제조업,1,2014,2,27,,,,,,2014-02-27
8472905,계량기제조업,0,2011,6,1,,,,,,2011-06-01
8472906,계량기제조업,0,2001,6,25,,,,,,2001-06-25
8472907,계량기제조업,0,2002,3,6,,,,,,2002-03-06
8472908,계량기제조업,0,2007,9,6,,,,,,2007-09-06
8472909,계량기제조업,0,1996,12,30,,,,,,1996-12-30
8472910,계량기제조업,0,2002,1,22,,,,,,2002-01-22
8472911,계량기제조업,0,1994,11,29,,,,,,1994-11-29
8472912,계량기제조업,0,1997,7,29,,,,,,1997-07-29
8472913,계량기제조업,0,2002,8,30,,,,,,2002-08-30
8472914,계량기제조업,0,2006,8,8,,,,,,2006-08-08
8472915,계량기제조업,0,2013,9,4,,,,,,2013-09-04
8472916,계량기제조업,0,1999,7,19,,,,,,1999-07-19
8472917,계량기제조업,0,2008,7,9,,,,,,2008-07-09
8472918,계량기제조업,1,1983,2,15,,,,,,1983-02-15
8472919,계량기제조업,1,1985,3,16,,,,,,1985-03-16
8472920,계량기제조업,1,2008,7,9,,,,,,2008-07-09
8472921,계량기제조업,1,2008,12,30,,,,,,2008-12-30
8472922,계량기제조업,1,2011,6,8,,,,,,2011-06-08
8472923,계량기제조업,1,2011,7,29,,,,,,2011-07-29
8472924,계량기제조업,1,1997,11,20,,,,,,1997-11-20
8472925,계량기제조업,1,1999,10,27,,,,,,1999-10-27
8472926,계량기제조업,1,2013,3,15,,,,,,2013-03-15
8472927,계량기제조업,1,2013,6,5,,,,,,2013-06-05
8472928,계량기제조업,1,2005,7,8,,,,,,2005-07-08
8472929,계량기제조업,1,2002,4,26,,,,,,2002-04-26
8472930,계량기제조업,1,1983,11,25,,,,,,1983-11-25
8472931,계량기제조업,1,2014,7,16,,,,,,2014-07-16
8472932,계량기제조업,1,2006,11,23,,,,,,2006-11-23
8472933,계량기제조업,1,2020,10,8,,,,,,2020-10-08
8472934,계량기제조업,1,2010,4,27,,,,,,2010-04-27
8472935,계량기제조업,1,2021,4,1,,,,,,2021-04-01
8472936,계량기제조업,1,2009,9,14,,,,,,2009-09-14
8472937,계량기제조업,1,2005,5,25,,,,,,2005-05-25
8472938,계량기제조업,1,1999,8,13,,,,,,1999-08-13
8472939,계량기제조업,1,2022,2,14,,,,,,2022-02-14
8472940,계량기제조업,1,2020,4,22,,,,,,2020-04-22
8472941,계량기제조업,1,2002,5,18,,,,,,2002-05-18
8472942,계량기제조업,1,1988,12,21,,,,,,1988-12-21
8472943,계량기제조업,1,2017,1,19,,,,,,2017-01-19
8472944,계량기제조업,1,2016,8,16,,,,,,2016-08-16
8472945,계량기제조업,1,2015,11,13,,,,,,2015-11-13
8472946,계량기제조업,1,2015,9,25,,,,,,2015-09-25
8472947,계량기제조업,1,1998,7,25,,,,,,1998-07-25
8472948,계량기제조업,1,2013,5,8,,,,,,2013-05-08
8472949,계량기제조업,1,2013,2,8,,,,,,2013-02-08
8472950,계량기제조업,1,2012,2,9,,,,,,2012-02-09
8472951,계량기제조업,0,1997,5,1,,,,,,1997-05-01
8472952,계량기제조업,0,2007,11,7,,,,,,2007-11-07
8472953,계량기제조업,1,2022,7,25,,,,,,2022-07-25
8472954,계량기제조업,1,2012,12,3,,,,,,2012-12-03
8472955,계량기제조업,1,1995,4,24,,,,,,1995-04-24
8472956,계량기제조업,1,2013,7,9,,,,,,2013-07-09
8472957,계량기제조업,1,2013,4,8,,,,,,2013-04-08
8472958,계량기제조업,1,2007,4,12,,,,,,2007-04-12
8472959,계량기제조업,1,2006,1,25,,,,,,2006-01-25
8472960,계량기제조업,1,2005,7,14,,,,,,2005-07-14
8472961,계량기제조업,1,2000,3,16,,,,,,2000-03-16
8472962,계량기제조업,1,2014,7,25,,,,,,2014-07-25
8472963,계량기제조업,1,2005,7,14,,,,,,2005-07-14
8472964,계량기제조업,1,2007,7,24,,,,,,2007-07-24
8472965,계량기제조업,1,2007,10,16,,,,,,2007-10-16
8472966,계량기제조업,1,1997,9,5,,,,,,1997-09-05
8472967,계량기제조업,1,2008,9,16,,,,,,2008-09-16
8472968,계량기제조업,1,2008,10,7,,,,,,2008-10-07
8472969,계량기제조업,1,2008,10,22,,,,,,2008-10-22
8472970,계량기제조업,1,2012,12,3,,,,,,2012-12-03
8472971,계량기제조업,1,2007,4,12,,,,,,2007-04-12
8472972,계량기제조업,1,2013,1,14,,,,,,2013-01-14
8472973,계량기제조업,1,2010,7,23,,,,,,2010-07-23
8472974,계량기제조업,1,2002,11,19,,,,,,2002-11-19
8472975,계량기제조업,1,2009,10,15,,,,,,2009-10-15
8472976,계량기제조업,1,2011,6,21,,,,,,2011-06-21
8472977,계량기제조업,1,2010,12,23,,,,,,2010-12-23
8472978,계량기제조업,1,2010,6,8,,,,,,2010-06-08
8472979,계량기제조업,1,2007,2,28,,,,,,2007-02-28
8472980,계량기제조업,1,2008,8,13,,,,,,2008-08-13
8472981,계량기제조업,1,2011,1,14,,,,,,2011-01-14
8472982,계량기제조업,1,2022,1,10,,,,,,2022-01-10
8472983,계량기제조업,1,2021,10,7,,,,,,2021-10-07
8472984,계량기제조업,1,2009,2,11,,,,,,2009-02-11
8472985,계량기제조업,1,1999,10,2,,,,,,1999-10-02
8472986,계량기제조업,1,2017,4,17,,,,,,2017-04-17
8472987,계량기제조업,1,2020,11,27,,,,,,2020-11-27
8472988,계량기제조업,1,2020,7,2,,,,,,2020-07-02
