,개방서비스명,영업상태(0=폐업),open_year,open_month,open_day,close_year,close_month,close_day,존속년도,폐업시기,개업시기
8470924,계량기수리업,1,2004,3,20,,,,,,2004-03-20
8470925,계량기수리업,1,2011,10,14,,,,,,2011-10-14
8470926,계량기수리업,1,2018,11,7,,,,,,2018-11-07
8470927,계량기수리업,0,2003,10,10,2017,5,29,14,2017-05-29,2003-10-10
8470928,계량기수리업,0,1974,6,21,2021,6,4,47,2021-06-04,1974-06-21
8470929,계량기수리업,0,1997,7,4,2018,9,4,21,2018-09-04,1997-07-04
8470930,계량기수리업,0,1991,5,4,2010,4,20,19,2010-04-20,1991-05-04
8470931,계량기수리업,1,2020,2,18,,,,,,2020-02-18
8470932,계량기수리업,0,2009,10,13,2018,1,26,9,2018-01-26,2009-10-13
8470933,계량기수리업,1,2020,5,8,,,,,,2020-05-08
8470934,계량기수리업,1,2021,7,28,,,,,,2021-07-28
8470935,계량기수리업,1,2022,2,18,,,,,,2022-02-18
8470936,계량기수리업,1,1998,2,2,,,,,,1998-02-02
8470937,계량기수리업,1,2007,10,10,,,,,,2007-10-10
8470938,계량기수리업,1,2002,2,7,,,,,,2002-02-07
8470939,계량기수리업,1,2018,5,16,,,,,,2018-05-16
8470940,계량기수리업,1,2018,9,28,,,,,,2018-09-28
8470941,계량기수리업,1,2022,12,5,,,,,,2022-12-05
8470942,계량기수리업,1,2011,12,26,,,,,,2011-12-26
8470943,계량기수리업,1,2008,9,26,,,,,,2008-09-26
8470944,계량기수리업,0,2003,7,25,2008,10,13,5,2008-10-13,2003-07-25
8470945,계량기수리업,0,2007,7,6,,,,,,2007-07-06
8470946,계량기수리업,1,2014,4,18,,,,,,2014-04-18
8470947,계량기수리업,0,2016,11,7,2021,10,1,5,2021-10-01,2016-11-07
8470948,계량기수리업,0,2006,2,17,2018,11,14,12,2018-11-14,2006-02-17
8470949,계량기수리업,1,2016,4,4,,,,,,2016-04-04
8470950,계량기수리업,1,2005,12,16,,,,,,2005-12-16
8470951,계량기수리업,0,1999,3,22,,,,,,1999-03-22
8470952,계량기수리업,1,2009,7,6,,,,,,2009-07-06
8470953,계량기수리업,1,2020,5,22,,,,,,2020-05-22
8470954,계량기수리업,1,2007,8,8,,,,,,2007-08-08
8470955,계량기수리업,0,2002,1,16,2021,3,30,19,2021-03-30,2002-01-16
8470956,계량기수리업,1,2019,10,21,,,,,,2019-10-21
8470957,계량기수리업,0,2009,9,30,2010,7,14,1,2010-07-14,2009-09-30
8470958,계량기수리업,0,2003,10,17,2011,4,22,8,2011-04-22,2003-10-17
8470959,계량기수리업,1,2007,4,5,,,,,,2007-04-05
8470960,계량기수리업,1,2016,9,2,,,,,,2016-09-02
8470961,계량기수리업,0,1992,8,21,2007,6,11,15,2007-06-11,1992-08-21
8470962,계량기수리업,1,2006,7,27,,,,,,2006-07-27
8470963,계량기수리업,0,2007,6,28,2007,12,24,0,2007-12-24,2007-06-28
8470964,계량기수리업,0,1988,6,28,2017,5,17,29,2017-05-17,1988-06-28
8470965,계량기수리업,1,2002,1,24,,,,,,2002-01-24
8470966,계량기수리업,1,2006,6,15,,,,,,2006-06-15
8470967,계량기수리업,1,2001,3,7,,,,,,2001-03-07
8470968,계량기수리업,1,2000,4,11,,,,,,2000-04-11
8470969,계량기수리업,0,2002,7,20,2005,11,10,3,2005-11-10,2002-07-20
8470970,계량기수리업,1,2004,12,7,,,,,,2004-12-07
8470971,계량기수리업,0,2002,5,1,2017,2,2,15,2017-02-02,2002-05-01
8470972,계량기수리업,0,2002,10,16,2006,1,16,4,2006-01-16,2002-10-16
8470973,계량기수리업,1,2007,8,10,,,,,,2007-08-10
8470974,계량기수리업,1,2005,6,24,,,,,,2005-06-24
8470975,계량기수리업,0,2002,7,20,2008,1,9,6,2008-01-09,2002-07-20
8470976,계량기수리업,1,1992,7,21,,,,,,1992-07-21
8470977,계량기수리업,1,2014,3,6,,,,,,2014-03-06
8470978,계량기수리업,1,1999,12,27,,,,,,1999-12-27
8470979,계량기수리업,1,2015,12,10,,,,,,2015-12-10
8470980,계량기수리업,1,2013,6,28,,,,,,2013-06-28
8470981,계량기수리업,1,2008,7,21,,,,,,2008-07-21
8470982,계량기수리업,1,2007,5,22,,,,,,2007-05-22
8470983,계량기수리업,1,2006,11,16,,,,,,2006-11-16
8470984,계량기수리업,1,2012,2,16,,,,,,2012-02-16
8470985,계량기수리업,0,2007,8,24,2018,2,1,11,2018-02-01,2007-08-24
8470986,계량기수리업,1,2009,4,17,,,,,,2009-04-17
8470987,계량기수리업,0,1999,3,15,2012,12,12,13,2012-12-12,1999-03-15
8470988,계량기수리업,0,1996,7,19,2012,12,12,16,2012-12-12,1996-07-19
8470989,계량기수리업,1,2022,5,30,,,,,,2022-05-30
8470990,계량기수리업,1,2008,1,24,,,,,,2008-01-24
8470991,계량기수리업,1,2003,5,6,,,,,,2003-05-06
8470992,계량기수리업,1,2015,3,12,,,,,,2015-03-12
8470993,계량기수리업,1,2016,7,22,,,,,,2016-07-22
8470994,계량기수리업,1,2019,7,10,,,,,,2019-07-10
8470995,계량기수리업,1,2020,10,19,,,,,,2020-10-19
8470996,계량기수리업,1,2020,11,11,,,,,,2020-11-11
8470997,계량기수리업,1,2000,1,31,,,,,,2000-01-31
8470998,계량기수리업,1,2003,12,22,,,,,,2003-12-22
8470999,계량기수리업,0,2002,4,2,2008,2,22,6,2008-02-22,2002-04-02
8471000,계량기수리업,0,1987,4,29,,,,,,1987-04-29
8471001,계량기수리업,1,2010,6,9,,,,,,2010-06-09
8471002,계량기수리업,1,2012,12,5,,,,,,2012-12-05
8471003,계량기수리업,1,2007,7,30,,,,,,2007-07-30
8471004,계량기수리업,1,1999,9,14,,,,,,1999-09-14
8471005,계량기수리업,1,1987,4,13,,,,,,1987-04-13
8471006,계량기수리업,1,2013,1,14,,,,,,2013-01-14
8471007,계량기수리업,0,2003,6,2,2016,12,2,13,2016-12-02,2003-06-02
8471008,계량기수리업,1,2000,7,1,,,,,,2000-07-01
8471009,계량기수리업,1,1997,2,26,,,,,,1997-02-26
8471010,계량기수리업,0,2006,5,10,2008,4,23,2,2008-04-23,2006-05-10
8471011,계량기수리업,1,2002,3,18,,,,,,2002-03-18
8471012,계량기수리업,1,1993,11,24,,,,,,1993-11-24
8471013,계량기수리업,1,2002,11,18,,,,,,2002-11-18
8471014,계량기수리업,1,2011,10,21,,,,,,2011-10-21
8471015,계량기수리업,1,2011,12,12,,,,,,2011-12-12
8471016,계량기수리업,1,2012,2,17,,,,,,2012-02-17
8471017,계량기수리업,1,2019,8,12,,,,,,2019-08-12
8471018,계량기수리업,0,2002,5,16,2011,5,16,9,2011-05-16,2002-05-16
8471019,계량기수리업,1,2008,7,9,,,,,,2008-07-09
8471020,계량기수리업,1,2004,8,20,,,,,,2004-08-20
8471021,계량기수리업,1,1993,9,22,,,,,,1993-09-22
8471022,계량기수리업,1,2021,1,14,,,,,,2021-01-14
8471023,계량기수리업,0,2013,4,25,2020,12,14,7,2020-12-14,2013-04-25
8471024,계량기수리업,0,2005,2,3,2010,9,3,5,2010-09-03,2005-02-03
8471025,계량기수리업,0,2012,11,15,2017,12,29,5,2017-12-29,2012-11-15
8471026,계량기수리업,1,2003,7,16,,,,,,2003-07-16
8471027,계량기수리업,0,2004,1,29,2009,7,10,5,2009-07-10,2004-01-29
8471028,계량기수리업,1,2014,11,6,,,,,,2014-11-06
8471029,계량기수리업,1,1988,11,7,,,,,,1988-11-07
8471030,계량기수리업,1,1996,10,29,,,,,,1996-10-29
8471031,계량기수리업,0,2012,3,15,2017,4,11,5,2017-04-11,2012-03-15
8471032,계량기수리업,0,1998,2,3,2010,8,2,12,2010-08-02,1998-02-03
8471033,계량기수리업,1,2008,4,11,,,,,,2008-04-11
8471034,계량기수리업,1,2013,6,28,,,,,,2013-06-28
8471035,계량기수리업,1,1973,3,6,,,,,,1973-03-06
8471036,계량기수리업,1,1999,8,31,,,,,,1999-08-31
8471037,계량기수리업,0,1984,8,16,2011,9,8,27,2011-09-08,1984-08-16
8471038,계량기수리업,1,2011,12,22,,,,,,2011-12-22
8471039,계량기수리업,1,1998,4,21,,,,,,1998-04-21
8471040,계량기수리업,0,2004,12,15,2005,10,17,1,2005-10-17,2004-12-15
8471041,계량기수리업,0,1991,10,19,2010,9,10,19,2010-09-10,1991-10-19
8471042,계량기수리업,1,2014,5,14,,,,,,2014-05-14
8471043,계량기수리업,1,1981,8,21,,,,,,1981-08-21
8471044,계량기수리업,1,2012,7,10,,,,,,2012-07-10
8471045,계량기수리업,1,1995,10,30,,,,,,1995-10-30
8471046,계량기수리업,1,2010,10,27,,,,,,2010-10-27
8471047,계량기수리업,1,2013,9,27,,,,,,2013-09-27
8471048,계량기수리업,1,1995,6,23,,,,,,1995-06-23
8471049,계량기수리업,1,2010,2,2,,,,,,2010-02-02
8471050,계량기수리업,0,2005,6,10,2013,12,30,8,2013-12-30,2005-06-10
8471051,계량기수리업,1,2022,7,27,,,,,,2022-07-27
8471052,계량기수리업,1,2017,7,13,,,,,,2017-07-13
8471053,계량기수리업,1,2014,6,20,,,,,,2014-06-20
8471054,계량기수리업,1,2016,4,18,,,,,,2016-04-18
8471055,계량기수리업,1,2016,11,11,,,,,,2016-11-11
8471056,계량기수리업,1,2017,2,6,,,,,,2017-02-06
8471057,계량기수리업,0,2006,6,20,2010,4,16,4,2010-04-16,2006-06-20
8471058,계량기수리업,1,2014,8,14,,,,,,2014-08-14
8471059,계량기수리업,0,2009,7,17,2014,7,31,5,2014-07-31,2009-07-17
8471060,계량기수리업,0,2008,9,3,2010,2,1,2,2010-02-01,2008-09-03
8471061,계량기수리업,1,2011,12,2,,,,,,2011-12-02
8471062,계량기수리업,1,2015,2,23,,,,,,2015-02-23
8471063,계량기수리업,1,2012,12,21,,,,,,2012-12-21
8471064,계량기수리업,1,2011,1,13,,,,,,2011-01-13
8471065,계량기수리업,1,2007,3,8,,,,,,2007-03-08
8471066,계량기수리업,0,2008,4,29,2022,8,12,14,2022-08-12,2008-04-29
8471067,계량기수리업,1,2020,6,12,,,,,,2020-06-12
8471068,계량기수리업,1,2001,6,25,,,,,,2001-06-25
8471069,계량기수리업,1,1991,1,5,,,,,,1991-01-05
8471070,계량기수리업,1,2001,12,8,,,,,,2001-12-08
8471071,계량기수리업,0,2010,7,26,2014,6,25,4,2014-06-25,2010-07-26
8471072,계량기수리업,1,2006,10,10,,,,,,2006-10-10
8471073,계량기수리업,0,2012,9,13,2018,7,24,6,2018-07-24,2012-09-13
8471074,계량기수리업,1,2015,10,2,,,,,,2015-10-02
8471075,계량기수리업,1,2012,1,30,,,,,,2012-01-30
8471076,계량기수리업,0,2017,3,22,2017,3,22,0,2017-03-22,2017-03-22
8471077,계량기수리업,0,2016,8,1,2016,8,1,0,2016-08-01,2016-08-01
8471078,계량기수리업,1,2017,3,28,,,,,,2017-03-28
8471079,계량기수리업,1,2015,5,4,,,,,,2015-05-04
8471080,계량기수리업,1,2013,12,16,,,,,,2013-12-16
8471081,계량기수리업,1,1980,4,7,,,,,,1980-04-07
8471082,계량기수리업,1,2017,4,10,,,,,,2017-04-10
8471083,계량기수리업,1,2020,9,15,,,,,,2020-09-15
8471084,계량기수리업,1,2015,5,20,,,,,,2015-05-20
8471085,계량기수리업,1,2000,1,28,,,,,,2000-01-28
8471086,계량기수리업,0,2012,1,31,2016,8,24,4,2016-08-24,2012-01-31
8471087,계량기수리업,1,1998,7,20,,,,,,1998-07-20
8471088,계량기수리업,1,2012,1,25,,,,,,2012-01-25
8471089,계량기수리업,0,2014,7,29,2021,6,21,7,2021-06-21,2014-07-29
8471090,계량기수리업,0,2014,7,29,2021,6,21,7,2021-06-21,2014-07-29
8471091,계량기수리업,0,2012,9,28,,,,,,2012-09-28
8471092,계량기수리업,0,2009,7,7,,,,,,2009-07-07
8471093,계량기수리업,1,2000,3,30,,,,,,2000-03-30
8471094,계량기수리업,1,1967,4,28,,,,,,1967-04-28
8471095,계량기수리업,1,2002,3,28,,,,,,2002-03-28
8471096,계량기수리업,1,2003,8,20,,,,,,2003-08-20
8471097,계량기수리업,1,2004,11,18,,,,,,2004-11-18
8471098,계량기수리업,1,2006,2,7,,,,,,2006-02-07
8471099,계량기수리업,1,2011,12,21,,,,,,2011-12-21
8471100,계량기수리업,1,2010,8,11,,,,,,2010-08-11
8471101,계량기수리업,1,2010,8,31,,,,,,2010-08-31
8471102,계량기수리업,1,1962,12,6,,,,,,1962-12-06
8471103,계량기수리업,1,2014,4,20,,,,,,2014-04-20
8471104,계량기수리업,1,2015,9,4,,,,,,2015-09-04
8471105,계량기수리업,1,2015,5,12,,,,,,2015-05-12
8471106,계량기수리업,0,2012,1,25,2015,4,20,3,2015-04-20,2012-01-25
8471107,계량기수리업,0,2012,9,28,2015,12,7,3,2015-12-07,2012-09-28
8471108,계량기수리업,0,2012,1,25,2012,8,9,0,2012-08-09,2012-01-25
8471109,계량기수리업,1,2018,12,10,,,,,,2018-12-10
8471110,계량기수리업,1,2018,12,26,,,,,,2018-12-26
8471111,계량기수리업,1,2010,4,22,,,,,,2010-04-22
8471112,계량기수리업,1,2012,1,21,,,,,,2012-01-21
8471113,계량기수리업,1,2012,1,21,,,,,,2012-01-21
8471114,계량기수리업,1,2012,1,21,,,,,,2012-01-21
8471115,계량기수리업,1,2001,11,6,,,,,,2001-11-06
8471116,계량기수리업,1,2012,1,21,,,,,,2012-01-21
8471117,계량기수리업,1,1998,7,31,,,,,,1998-07-31
8471118,계량기수리업,1,2012,1,20,,,,,,2012-01-20
8471119,계량기수리업,1,2011,7,20,,,,,,2011-07-20
8471120,계량기수리업,1,2012,7,12,,,,,,2012-07-12
8471121,계량기수리업,1,2014,3,3,,,,,,2014-03-03
8471122,계량기수리업,1,2014,8,22,,,,,,2014-08-22
8471123,계량기수리업,1,2015,3,11,,,,,,2015-03-11
8471124,계량기수리업,1,2012,1,21,,,,,,2012-01-21
8471125,계량기수리업,1,2012,1,21,,,,,,2012-01-21
8471126,계량기수리업,1,2013,4,8,,,,,,2013-04-08
8471127,계량기수리업,0,2013,4,11,2017,8,31,4,2017-08-31,2013-04-11
8471128,계량기수리업,0,2018,10,1,2020,3,3,2,2020-03-03,2018-10-01
8471129,계량기수리업,1,2018,8,20,,,,,,2018-08-20
8471130,계량기수리업,1,2015,4,20,,,,,,2015-04-20
8471131,계량기수리업,1,2008,5,7,,,,,,2008-05-07
8471132,계량기수리업,1,2010,5,12,,,,,,2010-05-12
8471133,계량기수리업,1,2010,3,17,,,,,,2010-03-17
8471134,계량기수리업,1,2012,10,18,,,,,,2012-10-18
8471135,계량기수리업,1,2004,3,31,,,,,,2004-03-31
8471136,계량기수리업,1,1995,3,13,,,,,,1995-03-13
8471137,계량기수리업,0,2013,11,11,2020,4,27,7,2020-04-27,2013-11-11
8471138,계량기수리업,1,1967,12,6,,,,,,1967-12-06
8471139,계량기수리업,0,2010,4,30,2013,2,20,3,2013-02-20,2010-04-30
8471140,계량기수리업,0,2008,2,11,2013,3,18,5,2013-03-18,2008-02-11
8471141,계량기수리업,0,1995,12,22,2018,12,17,23,2018-12-17,1995-12-22
8471142,계량기수리업,1,2021,9,15,,,,,,2021-09-15
8471143,계량기수리업,1,2020,5,21,,,,,,2020-05-21
8471144,계량기수리업,1,2019,7,17,,,,,,2019-07-17
8471145,계량기수리업,1,1994,3,5,,,,,,1994-03-05
8471146,계량기수리업,1,1993,6,17,,,,,,1993-06-17
8471147,계량기수리업,1,1980,10,18,,,,,,1980-10-18
8471148,계량기수리업,1,1970,6,26,,,,,,1970-06-26
8471149,계량기수리업,1,2004,12,30,,,,,,2004-12-30
8471150,계량기수리업,1,2021,12,20,,,,,,2021-12-20
8471151,계량기수리업,1,2000,5,17,,,,,,2000-05-17
8471152,계량기수리업,1,1994,6,18,,,,,,1994-06-18
8471153,계량기수리업,1,2014,12,19,,,,,,2014-12-19
8471154,계량기수리업,1,2014,12,23,,,,,,2014-12-23
8471155,계량기수리업,0,2015,2,5,2015,9,30,0,2015-09-30,2015-02-05
8471156,계량기수리업,1,2000,9,27,,,,,,2000-09-27
8471157,계량기수리업,1,2021,6,7,,,,,,2021-06-07
8471158,계량기수리업,1,2014,9,25,,,,,,2014-09-25
8471159,계량기수리업,1,2013,5,6,,,,,,2013-05-06
8471160,계량기수리업,1,2003,11,14,,,,,,2003-11-14
8471161,계량기수리업,1,2014,11,5,,,,,,2014-11-05
8471162,계량기수리업,1,2015,12,14,,,,,,2015-12-14
8471163,계량기수리업,1,2021,3,4,,,,,,2021-03-04
8471164,계량기수리업,1,2022,7,22,,,,,,2022-07-22
8471165,계량기수리업,0,2001,7,13,2011,9,6,10,2011-09-06,2001-07-13
8471166,계량기수리업,0,2010,3,17,2019,11,21,9,2019-11-21,2010-03-17
8471167,계량기수리업,1,2002,12,7,,,,,,2002-12-07
8471168,계량기수리업,0,2010,12,30,2011,8,3,1,2011-08-03,2010-12-30
8471169,계량기수리업,0,2021,6,14,,,,,,2021-06-14
8471170,계량기수리업,1,2015,1,2,,,,,,2015-01-02
8471171,계량기수리업,1,2016,7,27,,,,,,2016-07-27
8471172,계량기수리업,1,2019,7,4,,,,,,2019-07-04
8471173,계량기수리업,0,2012,6,15,2015,12,11,3,2015-12-11,2012-06-15
8471174,계량기수리업,1,2020,12,31,,,,,,2020-12-31
8471175,계량기수리업,1,2021,8,3,,,,,,2021-08-03
8471176,계량기수리업,1,2018,1,15,,,,,,2018-01-15
8471177,계량기수리업,1,2012,7,2,,,,,,2012-07-02
8471178,계량기수리업,1,2015,9,25,,,,,,2015-09-25
8471179,계량기수리업,1,2004,4,27,,,,,,2004-04-27
8471180,계량기수리업,1,2011,3,8,,,,,,2011-03-08
8471181,계량기수리업,1,2009,1,28,,,,,,2009-01-28
8471182,계량기수리업,1,2022,11,28,,,,,,2022-11-28
8471183,계량기수리업,1,2022,6,16,,,,,,2022-06-16
8471184,계량기수리업,1,2022,8,22,,,,,,2022-08-22
8471185,계량기수리업,1,2022,8,9,,,,,,2022-08-09
8471186,계량기수리업,1,2021,12,9,,,,,,2021-12-09
8471187,계량기수리업,1,2022,11,4,,,,,,2022-11-04
8471188,계량기수리업,1,1997,5,17,,,,,,1997-05-17
8471189,계량기수리업,1,2009,6,22,,,,,,2009-06-22
8471190,계량기수리업,1,2021,3,19,,,,,,2021-03-19
8471191,계량기수리업,1,1997,12,23,,,,,,1997-12-23
8471192,계량기수리업,1,2003,2,28,,,,,,2003-02-28
8471193,계량기수리업,1,2007,8,3,,,,,,2007-08-03
8471194,계량기수리업,0,2010,4,18,2016,5,17,6,2016-05-17,2010-04-18
8471195,계량기수리업,0,2007,3,30,,,,,,2007-03-30
8471196,계량기수리업,1,2019,12,2,,,,,,2019-12-02
8471197,계량기수리업,0,2003,1,27,,,,,,2003-01-27
8471198,계량기수리업,0,2002,2,28,2016,5,2,14,2016-05-02,2002-02-28
8471199,계량기수리업,0,2002,2,21,,,,,,2002-02-21
8471200,계량기수리업,1,2008,4,8,,,,,,2008-04-08
8471201,계량기수리업,1,2010,11,30,,,,,,2010-11-30
8471202,계량기수리업,1,2019,7,16,,,,,,2019-07-16
8471203,계량기수리업,0,2007,3,13,,,,,,2007-03-13
8471204,계량기수리업,0,2005,5,9,2016,9,22,11,2016-09-22,2005-05-09
8471205,계량기수리업,0,2002,5,18,,,,,,2002-05-18
8471206,계량기수리업,1,2022,12,29,,,,,,2022-12-29
8471207,계량기수리업,1,2014,12,26,,,,,,2014-12-26
8471208,계량기수리업,1,2013,4,29,,,,,,2013-04-29
8471209,계량기수리업,1,2016,5,9,,,,,,2016-05-09
8471210,계량기수리업,1,2016,12,29,,,,,,2016-12-29
8471211,계량기수리업,1,1987,3,11,,,,,,1987-03-11
8471212,계량기수리업,1,2009,4,20,,,,,,2009-04-20
8471213,계량기수리업,1,2008,6,9,,,,,,2008-06-09
8471214,계량기수리업,1,2001,10,6,,,,,,2001-10-06
8471215,계량기수리업,1,2001,10,5,,,,,,2001-10-05
8471216,계량기수리업,1,1999,8,18,,,,,,1999-08-18
8471217,계량기수리업,1,1995,6,15,,,,,,1995-06-15
8471218,계량기수리업,1,1994,11,15,,,,,,1994-11-15
8471219,계량기수리업,1,1993,11,13,,,,,,1993-11-13
8471220,계량기수리업,1,1988,4,28,,,,,,1988-04-28
8471221,계량기수리업,1,2022,8,3,,,,,,2022-08-03
8471222,계량기수리업,0,2004,6,28,,,,,,2004-06-28
8471223,계량기수리업,1,2010,5,31,,,,,,2010-05-31
8471224,계량기수리업,1,2010,8,25,,,,,,2010-08-25
8471225,계량기수리업,1,2020,4,1,,,,,,2020-04-01
8471226,계량기수리업,1,2014,12,8,,,,,,2014-12-08
8471227,계량기수리업,1,2013,11,7,,,,,,2013-11-07
8471228,계량기수리업,1,2020,3,10,,,,,,2020-03-10
8471229,계량기수리업,1,2019,10,7,,,,,,2019-10-07
8471230,계량기수리업,0,2002,12,2,2016,6,9,14,2016-06-09,2002-12-02
8471231,계량기수리업,1,2021,9,14,,,,,,2021-09-14
8471232,계량기수리업,1,2013,1,22,,,,,,2013-01-22
8471233,계량기수리업,1,2011,12,14,,,,,,2011-12-14
8471234,계량기수리업,1,1997,6,4,,,,,,1997-06-04
8471235,계량기수리업,0,2005,10,18,2011,2,22,6,2011-02-22,2005-10-18
8471236,계량기수리업,0,1999,9,28,2012,11,15,13,2012-11-15,1999-09-28
8471237,계량기수리업,1,2019,11,29,,,,,,2019-11-29
8471238,계량기수리업,0,2004,4,13,2011,12,28,7,2011-12-28,2004-04-13
8471239,계량기수리업,1,2014,6,26,,,,,,2014-06-26
8471240,계량기수리업,1,2014,8,18,,,,,,2014-08-18
8471241,계량기수리업,1,2015,9,16,,,,,,2015-09-16
8471242,계량기수리업,1,2016,4,25,,,,,,2016-04-25
8471243,계량기수리업,0,2002,4,16,2003,5,31,1,2003-05-31,2002-04-16
8471244,계량기수리업,1,2017,11,27,,,,,,2017-11-27
8471245,계량기수리업,0,2013,8,2,2017,1,19,4,2017-01-19,2013-08-02
8471246,계량기수리업,1,2012,11,19,,,,,,2012-11-19
8471247,계량기수리업,1,2012,9,4,,,,,,2012-09-04
8471248,계량기수리업,0,1994,1,6,,,,,,1994-01-06
8471249,계량기수리업,0,2000,2,25,,,,,,2000-02-25
8471250,계량기수리업,0,2012,11,15,,,,,,2012-11-15
8471251,계량기수리업,1,2002,11,18,,,,,,2002-11-18
8471252,계량기수리업,0,1999,1,1,,,,,,1999-01-01
8471253,계량기수리업,0,2000,3,21,2020,8,31,20,2020-08-31,2000-03-21
8471254,계량기수리업,0,2002,2,9,,,,,,2002-02-09
8471255,계량기수리업,0,2008,1,31,,,,,,2008-01-31
8471256,계량기수리업,0,2012,9,11,2018,12,4,6,2018-12-04,2012-09-11
8471257,계량기수리업,0,1987,12,2,2012,2,16,25,2012-02-16,1987-12-02
8471258,계량기수리업,1,2018,1,3,,,,,,2018-01-03
8471259,계량기수리업,1,1997,5,27,,,,,,1997-05-27
8471260,계량기수리업,1,2014,12,1,,,,,,2014-12-01
8471261,계량기수리업,1,2020,7,9,,,,,,2020-07-09
8471262,계량기수리업,1,2004,5,18,,,,,,2004-05-18
8471263,계량기수리업,1,2005,1,21,,,,,,2005-01-21
8471264,계량기수리업,1,2022,10,17,,,,,,2022-10-17
8471265,계량기수리업,1,2022,3,4,,,,,,2022-03-04
8471266,계량기수리업,1,2020,1,13,,,,,,2020-01-13
8471267,계량기수리업,1,2016,3,30,,,,,,2016-03-30
8471268,계량기수리업,1,2014,4,10,,,,,,2014-04-10
8471269,계량기수리업,1,2012,11,21,,,,,,2012-11-21
8471270,계량기수리업,1,2012,8,27,,,,,,2012-08-27
8471271,계량기수리업,1,2010,3,12,,,,,,2010-03-12
8471272,계량기수리업,1,2009,4,16,,,,,,2009-04-16
8471273,계량기수리업,1,2009,1,5,,,,,,2009-01-05
8471274,계량기수리업,1,2008,9,19,,,,,,2008-09-19
8471275,계량기수리업,1,2014,6,25,,,,,,2014-06-25
8471276,계량기수리업,1,1998,2,28,,,,,,1998-02-28
8471277,계량기수리업,1,2007,4,10,,,,,,2007-04-10
8471278,계량기수리업,1,2008,4,16,,,,,,2008-04-16
8471279,계량기수리업,0,2008,3,13,2016,1,29,8,2016-01-29,2008-03-13
8471280,계량기수리업,1,2007,6,1,,,,,,2007-06-01
8471281,계량기수리업,1,2020,9,16,,,,,,2020-09-16
8471282,계량기수리업,1,2004,3,5,,,,,,2004-03-05
8471283,계량기수리업,1,1999,10,14,,,,,,1999-10-14
8471284,계량기수리업,1,1999,12,30,,,,,,1999-12-30
8471285,계량기수리업,0,1999,11,25,2014,4,10,15,2014-04-10,1999-11-25
8471286,계량기수리업,1,2022,4,7,,,,,,2022-04-07
8471287,계량기수리업,0,2005,9,21,2008,5,29,3,2008-05-29,2005-09-21
8471288,계량기수리업,1,2005,12,16,,,,,,2005-12-16
8471289,계량기수리업,1,2013,4,29,,,,,,2013-04-29
8471290,계량기수리업,0,1998,3,18,2010,3,5,12,2010-03-05,1998-03-18
8471291,계량기수리업,0,1998,9,9,2013,6,4,15,2013-06-04,1998-09-09
8471292,계량기수리업,0,2002,2,23,2008,2,20,6,2008-02-20,2002-02-23
8471293,계량기수리업,0,2002,7,16,,,,,,2002-07-16
8471294,계량기수리업,0,2012,8,24,2013,6,14,1,2013-06-14,2012-08-24
8471295,계량기수리업,0,2003,10,1,2009,1,20,6,2009-01-20,2003-10-01
8471296,계량기수리업,1,2011,2,21,,,,,,2011-02-21
8471297,계량기수리업,1,2014,7,14,,,,,,2014-07-14
8471298,계량기수리업,1,2014,7,10,,,,,,2014-07-10
8471299,계량기수리업,1,2014,9,1,,,,,,2014-09-01
8471300,계량기수리업,1,2015,11,30,,,,,,2015-11-30
8471301,계량기수리업,1,2016,12,28,,,,,,2016-12-28
8471302,계량기수리업,1,2017,4,19,,,,,,2017-04-19
8471303,계량기수리업,1,2020,1,16,,,,,,2020-01-16
8471304,계량기수리업,1,2004,4,20,,,,,,2004-04-20
8471305,계량기수리업,1,2019,10,15,,,,,,2019-10-15
8471306,계량기수리업,1,1996,12,4,,,,,,1996-12-04
8471307,계량기수리업,1,2019,6,24,,,,,,2019-06-24
8471308,계량기수리업,1,2018,8,31,,,,,,2018-08-31
8471309,계량기수리업,1,2016,5,27,,,,,,2016-05-27
8471310,계량기수리업,1,2014,3,3,,,,,,2014-03-03
8471311,계량기수리업,1,2013,8,9,,,,,,2013-08-09
8471312,계량기수리업,1,2012,5,15,,,,,,2012-05-15
8471313,계량기수리업,1,2009,3,12,,,,,,2009-03-12
8471314,계량기수리업,1,2005,11,9,,,,,,2005-11-09
8471315,계량기수리업,1,2021,11,30,,,,,,2021-11-30
8471316,계량기수리업,1,2013,9,6,,,,,,2013-09-06
8471317,계량기수리업,1,2018,4,19,,,,,,2018-04-19
8471318,계량기수리업,1,2002,7,24,,,,,,2002-07-24
8471319,계량기수리업,0,1999,10,20,2007,12,21,8,2007-12-21,1999-10-20
8471320,계량기수리업,0,1997,3,24,2015,1,29,18,2015-01-29,1997-03-24
8471321,계량기수리업,1,2022,5,9,,,,,,2022-05-09
8471322,계량기수리업,1,2015,11,26,,,,,,2015-11-26
8471323,계량기수리업,1,2007,3,20,,,,,,2007-03-20
8471324,계량기수리업,1,2015,2,11,,,,,,2015-02-11
8471325,계량기수리업,1,2014,7,15,,,,,,2014-07-15
8471326,계량기수리업,1,2014,6,12,,,,,,2014-06-12
8471327,계량기수리업,1,2003,5,9,,,,,,2003-05-09
8471328,계량기수리업,1,2016,6,18,,,,,,2016-06-18
8471329,계량기수리업,1,2022,1,5,,,,,,2022-01-05
8471330,계량기수리업,0,2012,1,19,2018,7,19,6,2018-07-19,2012-01-19
8471331,계량기수리업,0,2008,5,15,2018,10,31,10,2018-10-31,2008-05-15
8471332,계량기수리업,1,2011,1,31,,,,,,2011-01-31
8471333,계량기수리업,1,2020,8,28,,,,,,2020-08-28
8471334,계량기수리업,1,2022,8,5,,,,,,2022-08-05
8471335,계량기수리업,1,1998,10,29,,,,,,1998-10-29
8471336,계량기수리업,1,2015,9,25,,,,,,2015-09-25
8471337,계량기수리업,1,2011,6,8,,,,,,2011-06-08
8471338,계량기수리업,1,1991,4,15,,,,,,1991-04-15
8471339,계량기수리업,1,1993,2,17,,,,,,1993-02-17
8471340,계량기수리업,1,2010,10,18,,,,,,2010-10-18
8471341,계량기수리업,1,2022,3,3,,,,,,2022-03-03
8471342,계량기수리업,1,2020,12,17,,,,,,2020-12-17
8471343,계량기수리업,1,2020,9,17,,,,,,2020-09-17
8471344,계량기수리업,1,2020,8,11,,,,,,2020-08-11
8471345,계량기수리업,1,2019,6,24,,,,,,2019-06-24
8471346,계량기수리업,1,2017,7,11,,,,,,2017-07-11
8471347,계량기수리업,1,2017,4,17,,,,,,2017-04-17
8471348,계량기수리업,1,2017,4,10,,,,,,2017-04-10
8471349,계량기수리업,1,1994,8,17,,,,,,1994-08-17
8471350,계량기수리업,1,2011,3,16,,,,,,2011-03-16
8471351,계량기수리업,1,2010,2,12,,,,,,2010-02-12
8471352,계량기수리업,1,2010,2,8,,,,,,2010-02-08
8471353,계량기수리업,1,2009,9,18,,,,,,2009-09-18
8471354,계량기수리업,1,2009,9,16,,,,,,2009-09-16
8471355,계량기수리업,1,1995,12,1,,,,,,1995-12-01
8471356,계량기수리업,1,2002,7,15,,,,,,2002-07-15
8471357,계량기수리업,1,2012,6,12,,,,,,2012-06-12
8471358,계량기수리업,1,2022,8,26,,,,,,2022-08-26
8471359,계량기수리업,0,2009,6,17,2014,4,30,5,2014-04-30,2009-06-17
8471360,계량기수리업,0,2004,6,11,2008,1,16,4,2008-01-16,2004-06-11
8471361,계량기수리업,0,2017,9,27,,,,,,2017-09-27
8471362,계량기수리업,1,2003,4,3,,,,,,2003-04-03
8471363,계량기수리업,1,2015,7,1,,,,,,2015-07-01
8471364,계량기수리업,1,2015,7,1,,,,,,2015-07-01
8471365,계량기수리업,0,2015,1,9,2018,5,4,3,2018-05-04,2015-01-09
8471366,계량기수리업,0,2002,4,4,2004,3,13,2,2004-03-13,2002-04-04
8471367,계량기수리업,0,2004,4,3,2015,3,31,11,2015-03-31,2004-04-03
8471368,계량기수리업,1,1991,3,11,,,,,,1991-03-11
8471369,계량기수리업,1,2016,6,9,,,,,,2016-06-09
8471370,계량기수리업,1,2014,6,16,,,,,,2014-06-16
8471371,계량기수리업,0,1977,6,10,2009,12,31,32,2009-12-31,1977-06-10
8471372,계량기수리업,1,2022,8,24,,,,,,2022-08-24
8471373,계량기수리업,1,2002,2,2,,,,,,2002-02-02
8471374,계량기수리업,1,2011,4,27,,,,,,2011-04-27
8471375,계량기수리업,1,2022,4,12,,,,,,2022-04-12
8471376,계량기수리업,1,2011,5,26,,,,,,2011-05-26
8471377,계량기수리업,1,2016,10,17,,,,,,2016-10-17
8471378,계량기수리업,1,2010,10,11,,,,,,2010-10-11
8471379,계량기수리업,1,2010,10,19,,,,,,2010-10-19
8471380,계량기수리업,1,2012,3,19,,,,,,2012-03-19
8471381,계량기수리업,1,2012,12,13,,,,,,2012-12-13
8471382,계량기수리업,1,2013,2,1,,,,,,2013-02-01
8471383,계량기수리업,1,2013,3,14,,,,,,2013-03-14
8471384,계량기수리업,1,2019,10,14,,,,,,2019-10-14
8471385,계량기수리업,0,2013,2,4,2014,4,1,1,2014-04-01,2013-02-04
8471386,계량기수리업,1,1997,7,18,,,,,,1997-07-18
8471387,계량기수리업,1,2008,4,1,,,,,,2008-04-01
8471388,계량기수리업,1,2013,4,15,,,,,,2013-04-15
8471389,계량기수리업,0,2001,5,4,2011,5,13,10,2011-05-13,2001-05-04
8471390,계량기수리업,1,2011,3,3,,,,,,2011-03-03
8471391,계량기수리업,1,2019,6,20,,,,,,2019-06-20
8471392,계량기수리업,0,2011,5,19,2019,9,18,8,2019-09-18,2011-05-19
8471393,계량기수리업,1,2007,9,10,,,,,,2007-09-10
8471394,계량기수리업,1,2022,12,12,,,,,,2022-12-12
8471395,계량기수리업,1,2011,7,28,,,,,,2011-07-28
8471396,계량기수리업,1,2012,5,22,,,,,,2012-05-22
8471397,계량기수리업,1,2013,4,1,,,,,,2013-04-01
8471398,계량기수리업,1,2013,4,4,,,,,,2013-04-04
8471399,계량기수리업,1,2016,2,24,,,,,,2016-02-24
8471400,계량기수리업,1,2017,6,29,,,,,,2017-06-29
8471401,계량기수리업,1,2018,11,8,,,,,,2018-11-08
8471402,계량기수리업,1,1996,10,7,,,,,,1996-10-07
8471403,계량기수리업,1,2012,7,16,,,,,,2012-07-16
8471404,계량기수리업,0,2016,7,29,2020,7,6,4,2020-07-06,2016-07-29
8471405,계량기수리업,1,2016,6,13,,,,,,2016-06-13
8471406,계량기수리업,1,2017,12,21,,,,,,2017-12-21
8471407,계량기수리업,1,2017,12,28,,,,,,2017-12-28
8471408,계량기수리업,1,2020,7,31,,,,,,2020-07-31
8471409,계량기수리업,1,2007,8,20,,,,,,2007-08-20
8471410,계량기수리업,1,2003,10,15,,,,,,2003-10-15
8471411,계량기수리업,1,2000,11,23,,,,,,2000-11-23
8471412,계량기수리업,1,1988,12,27,,,,,,1988-12-27
8471413,계량기수리업,1,2014,12,11,,,,,,2014-12-11
8471414,계량기수리업,1,2022,8,17,,,,,,2022-08-17
8471415,계량기수리업,1,1994,8,13,,,,,,1994-08-13
8471416,계량기수리업,1,2010,3,3,,,,,,2010-03-03
8471417,계량기수리업,1,2016,2,24,,,,,,2016-02-24
8471418,계량기수리업,1,2015,9,15,,,,,,2015-09-15
8471419,계량기수리업,1,2015,6,5,,,,,,2015-06-05
8471420,계량기수리업,1,2006,1,16,,,,,,2006-01-16
8471421,계량기수리업,1,2014,2,27,,,,,,2014-02-27
8471422,계량기수리업,1,2013,10,30,,,,,,2013-10-30
8471423,계량기수리업,1,2013,1,28,,,,,,2013-01-28
8471424,계량기수리업,1,2012,11,22,,,,,,2012-11-22
8471425,계량기수리업,1,2022,1,11,,,,,,2022-01-11
8471426,계량기수리업,0,2009,1,19,2011,8,23,2,2011-08-23,2009-01-19
8471427,계량기수리업,0,2007,12,20,2012,2,2,5,2012-02-02,2007-12-20
8471428,계량기수리업,0,2001,11,27,2006,8,24,5,2006-08-24,2001-11-27
8471429,계량기수리업,0,2001,9,29,2009,9,1,8,2009-09-01,2001-09-29
8471430,계량기수리업,0,2000,3,9,2005,9,12,5,2005-09-12,2000-03-09
8471431,계량기수리업,1,2005,6,16,,,,,,2005-06-16
8471432,계량기수리업,1,2005,4,8,,,,,,2005-04-08
8471433,계량기수리업,1,2012,10,24,,,,,,2012-10-24
8471434,계량기수리업,1,2011,8,30,,,,,,2011-08-30
8471435,계량기수리업,1,2010,12,30,,,,,,2010-12-30
8471436,계량기수리업,1,2009,12,28,,,,,,2009-12-28
8471437,계량기수리업,1,2005,6,30,,,,,,2005-06-30
8471438,계량기수리업,1,2004,5,18,,,,,,2004-05-18
8471439,계량기수리업,1,2004,6,30,,,,,,2004-06-30
8471440,계량기수리업,1,2022,10,23,,,,,,2022-10-23
8471441,계량기수리업,1,2021,8,27,,,,,,2021-08-27
8471442,계량기수리업,1,2021,8,10,,,,,,2021-08-10
8471443,계량기수리업,1,2021,1,12,,,,,,2021-01-12
8471444,계량기수리업,1,2020,5,18,,,,,,2020-05-18
8471445,계량기수리업,1,2015,11,12,,,,,,2015-11-12
8471446,계량기수리업,1,2006,5,1,,,,,,2006-05-01
8471447,계량기수리업,1,2014,11,11,,,,,,2014-11-11
8471448,계량기수리업,0,2002,6,7,2019,8,27,17,2019-08-27,2002-06-07
8471449,계량기수리업,1,2020,7,21,,,,,,2020-07-21
8471450,계량기수리업,0,2016,11,11,2019,10,10,3,2019-10-10,2016-11-11
8471451,계량기수리업,0,2014,9,23,2019,10,10,5,2019-10-10,2014-09-23
8471452,계량기수리업,0,1998,8,19,,,,,,1998-08-19
8471453,계량기수리업,0,1991,1,7,2011,2,16,20,2011-02-16,1991-01-07
8471454,계량기수리업,1,2019,10,17,,,,,,2019-10-17
8471455,계량기수리업,1,2019,9,20,,,,,,2019-09-20
8471456,계량기수리업,1,2015,7,14,,,,,,2015-07-14
8471457,계량기수리업,1,1998,8,19,,,,,,1998-08-19
8471458,계량기수리업,1,2016,5,2,,,,,,2016-05-02
8471459,계량기수리업,1,2010,1,14,,,,,,2010-01-14
8471460,계량기수리업,1,2002,10,9,,,,,,2002-10-09
8471461,계량기수리업,1,1999,6,2,,,,,,1999-06-02
8471462,계량기수리업,1,1980,5,15,,,,,,1980-05-15
8471463,계량기수리업,1,1977,9,21,,,,,,1977-09-21
8471464,계량기수리업,1,1996,3,29,,,,,,1996-03-29
8471465,계량기수리업,1,2014,4,4,,,,,,2014-04-04
8471466,계량기수리업,1,2012,3,27,,,,,,2012-03-27
8471467,계량기수리업,1,1998,3,10,,,,,,1998-03-10
8471468,계량기수리업,1,2002,6,25,,,,,,2002-06-25
8471469,계량기수리업,1,1998,12,7,,,,,,1998-12-07
8471470,계량기수리업,0,2012,1,31,2018,4,2,6,2018-04-02,2012-01-31
8471471,계량기수리업,0,2012,5,22,2017,12,21,5,2017-12-21,2012-05-22
8471472,계량기수리업,1,2019,9,30,,,,,,2019-09-30
8471473,계량기수리업,1,2016,3,4,,,,,,2016-03-04
8471474,계량기수리업,1,1998,4,7,,,,,,1998-04-07
8471475,계량기수리업,1,2015,1,18,,,,,,2015-01-18
8471476,계량기수리업,1,2007,12,20,,,,,,2007-12-20
8471477,계량기수리업,1,2000,10,9,,,,,,2000-10-09
8471478,계량기수리업,1,2015,4,16,,,,,,2015-04-16
8471479,계량기수리업,1,2009,12,23,,,,,,2009-12-23
8471480,계량기수리업,1,2021,6,7,,,,,,2021-06-07
8471481,계량기수리업,1,2019,5,15,,,,,,2019-05-15
8471482,계량기수리업,1,2017,5,26,,,,,,2017-05-26
8471483,계량기수리업,1,1994,12,13,,,,,,1994-12-13
8471484,계량기수리업,1,2021,11,4,,,,,,2021-11-04
8471485,계량기수리업,1,1998,11,20,,,,,,1998-11-20
8471486,계량기수리업,1,1998,5,4,,,,,,1998-05-04
8471487,계량기수리업,1,2015,6,9,,,,,,2015-06-09
8471488,계량기수리업,1,2009,5,19,,,,,,2009-05-19
8471489,계량기수리업,1,2003,3,13,,,,,,2003-03-13
8471490,계량기수리업,0,2019,2,27,2022,8,25,3,2022-08-25,2019-02-27
8471491,계량기수리업,1,1990,9,19,,,,,,1990-09-19
8471492,계량기수리업,1,2015,12,11,,,,,,2015-12-11
8471493,계량기수리업,1,1998,1,19,,,,,,1998-01-19
8471494,계량기수리업,1,2006,1,25,,,,,,2006-01-25
8471495,계량기수리업,1,1999,9,29,,,,,,1999-09-29
8471496,계량기수리업,1,2000,2,1,,,,,,2000-02-01
8471497,계량기수리업,1,2001,10,10,,,,,,2001-10-10
8471498,계량기수리업,1,1998,12,17,,,,,,1998-12-17
8471499,계량기수리업,1,2002,3,20,,,,,,2002-03-20
8471500,계량기수리업,1,2002,7,26,,,,,,2002-07-26
8471501,계량기수리업,1,2003,4,22,,,,,,2003-04-22
8471502,계량기수리업,1,2004,7,2,,,,,,2004-07-02
8471503,계량기수리업,1,2004,11,16,,,,,,2004-11-16
8471504,계량기수리업,1,2005,1,18,,,,,,2005-01-18
8471505,계량기수리업,1,2008,8,20,,,,,,2008-08-20
8471506,계량기수리업,1,2008,9,16,,,,,,2008-09-16
8471507,계량기수리업,1,2009,7,31,,,,,,2009-07-31
8471508,계량기수리업,1,2009,7,31,,,,,,2009-07-31
8471509,계량기수리업,1,2010,5,12,,,,,,2010-05-12
8471510,계량기수리업,1,2011,8,30,,,,,,2011-08-30
8471511,계량기수리업,1,2015,3,19,,,,,,2015-03-19
8471512,계량기수리업,1,2017,3,16,,,,,,2017-03-16
8471513,계량기수리업,1,1973,2,8,,,,,,1973-02-08
8471514,계량기수리업,1,1992,6,15,,,,,,1992-06-15
8471515,계량기수리업,1,1998,7,29,,,,,,1998-07-29
8471516,계량기수리업,1,1994,12,22,,,,,,1994-12-22
8471517,계량기수리업,1,2001,8,23,,,,,,2001-08-23
8471518,계량기수리업,1,1981,4,11,,,,,,1981-04-11
8471519,계량기수리업,1,2021,3,8,,,,,,2021-03-08
8471520,계량기수리업,1,2021,1,26,,,,,,2021-01-26
8471521,계량기수리업,1,1983,6,16,,,,,,1983-06-16
8471522,계량기수리업,1,1999,1,29,,,,,,1999-01-29
8471523,계량기수리업,0,2008,10,6,2020,10,13,12,2020-10-13,2008-10-06
8471524,계량기수리업,1,1996,1,16,,,,,,1996-01-16
8471525,계량기수리업,0,2005,7,14,,,,,,2005-07-14
8471526,계량기수리업,1,1995,1,17,,,,,,1995-01-17
8471527,계량기수리업,0,2007,4,12,2013,1,8,6,2013-01-08,2007-04-12
8471528,계량기수리업,1,1996,12,24,,,,,,1996-12-24
8471529,계량기수리업,1,1990,9,22,,,,,,1990-09-22
8471530,계량기수리업,1,2000,3,15,,,,,,2000-03-15
8471531,계량기수리업,1,2010,5,12,,,,,,2010-05-12
8471532,계량기수리업,1,2012,4,16,,,,,,2012-04-16
8471533,계량기수리업,1,2013,1,14,,,,,,2013-01-14
8471534,계량기수리업,0,2015,3,27,,,,,,2015-03-27
8471535,계량기수리업,0,2001,8,23,,,,,,2001-08-23
8471536,계량기수리업,0,2003,1,4,2022,4,30,19,2022-04-30,2003-01-04
8471537,계량기수리업,1,2021,12,13,,,,,,2021-12-13
8471538,계량기수리업,1,1972,12,6,,,,,,1972-12-06
8471539,계량기수리업,1,2022,12,9,,,,,,2022-12-09
8471540,계량기수리업,1,2020,3,6,,,,,,2020-03-06
8471541,계량기수리업,1,2011,10,20,,,,,,2011-10-20
8471542,계량기수리업,1,2016,3,23,,,,,,2016-03-23
8471543,계량기수리업,1,2005,7,14,,,,,,2005-07-14
8471544,계량기수리업,1,2015,4,14,,,,,,2015-04-14
8471545,계량기수리업,1,2022,3,11,,,,,,2022-03-11
8471546,계량기수리업,1,2021,9,27,,,,,,2021-09-27
8471547,계량기수리업,1,2017,6,13,,,,,,2017-06-13
8471548,계량기수리업,1,1993,12,13,,,,,,1993-12-13
8471549,계량기수리업,1,2012,4,24,,,,,,2012-04-24
8471550,계량기수리업,1,1994,5,31,,,,,,1994-05-31
8471551,계량기수리업,1,2017,6,13,,,,,,2017-06-13
8471552,계량기수리업,1,2015,7,23,,,,,,2015-07-23
8471553,계량기수리업,1,2012,11,29,,,,,,2012-11-29
8471554,계량기수리업,1,2007,8,2,,,,,,2007-08-02
8471555,계량기수리업,1,2012,4,16,,,,,,2012-04-16
8471556,계량기수리업,1,2006,8,10,,,,,,2006-08-10
8471557,계량기수리업,0,2008,3,19,2013,3,13,5,2013-03-13,2008-03-19
8471558,계량기수리업,0,2011,2,22,2015,6,3,4,2015-06-03,2011-02-22
8471559,계량기수리업,1,2020,8,31,,,,,,2020-08-31
8471560,계량기수리업,1,1973,10,22,,,,,,1973-10-22
8471561,계량기수리업,1,2017,4,19,,,,,,2017-04-19
8471562,계량기수리업,1,2003,10,17,,,,,,2003-10-17
8471563,계량기수리업,1,1997,12,13,,,,,,1997-12-13
8471564,계량기수리업,1,2018,7,25,,,,,,2018-07-25
8471565,계량기수리업,1,2018,8,16,,,,,,2018-08-16
8471566,계량기수리업,1,2021,6,23,,,,,,2021-06-23
8471567,계량기수리업,1,2014,5,22,,,,,,2014-05-22
8471568,계량기수리업,1,2002,8,17,,,,,,2002-08-17
8471569,계량기수리업,1,2012,1,11,,,,,,2012-01-11
8471570,계량기수리업,1,2008,2,27,,,,,,2008-02-27
8471571,계량기수리업,0,2001,1,19,2013,6,19,12,2013-06-19,2001-01-19
8471572,계량기수리업,1,2022,6,3,,,,,,2022-06-03
8471573,계량기수리업,1,1999,12,31,,,,,,1999-12-31
8471574,계량기수리업,0,2007,3,20,2013,6,11,6,2013-06-11,2007-03-20
8471575,계량기수리업,1,2018,4,17,,,,,,2018-04-17
8471576,계량기수리업,1,2020,5,8,,,,,,2020-05-08
8471577,계량기수리업,1,2022,9,28,,,,,,2022-09-28
8471578,계량기수리업,1,2016,4,18,,,,,,2016-04-18
8471579,계량기수리업,1,2019,3,20,,,,,,2019-03-20
8471580,계량기수리업,1,2008,6,11,,,,,,2008-06-11
8471581,계량기수리업,1,2022,12,5,,,,,,2022-12-05
8471582,계량기수리업,1,2020,3,12,,,,,,2020-03-12
8471583,계량기수리업,1,1975,2,15,,,,,,1975-02-15
8471584,계량기수리업,1,1988,1,5,,,,,,1988-01-05
8471585,계량기수리업,1,1990,6,16,,,,,,1990-06-16
8471586,계량기수리업,1,2018,10,5,,,,,,2018-10-05
8471587,계량기수리업,1,2007,6,27,,,,,,2007-06-27
8471588,계량기수리업,1,2014,8,22,,,,,,2014-08-22
8471589,계량기수리업,1,2014,5,13,,,,,,2014-05-13
8471590,계량기수리업,1,2006,2,23,,,,,,2006-02-23
8471591,계량기수리업,1,2002,9,18,,,,,,2002-09-18
8471592,계량기수리업,1,1997,10,22,,,,,,1997-10-22
8471593,계량기수리업,1,2014,8,28,,,,,,2014-08-28
8471594,계량기수리업,0,2014,4,17,,,,,,2014-04-17
8471595,계량기수리업,0,2000,11,13,2016,3,17,16,2016-03-17,2000-11-13
8471596,계량기수리업,0,1978,6,13,2013,6,24,35,2013-06-24,1978-06-13
8471597,계량기수리업,0,2018,5,29,2018,12,28,0,2018-12-28,2018-05-29
8471598,계량기수리업,1,2004,4,14,,,,,,2004-04-14
8471599,계량기수리업,1,2005,11,1,,,,,,2005-11-01
8471600,계량기수리업,1,2019,1,11,,,,,,2019-01-11
8471601,계량기수리업,1,2000,1,18,,,,,,2000-01-18
8471602,계량기수리업,1,2012,5,25,,,,,,2012-05-25
8471603,계량기수리업,1,2000,4,15,,,,,,2000-04-15
8471604,계량기수리업,1,2015,9,23,,,,,,2015-09-23
8471605,계량기수리업,1,2015,11,12,,,,,,2015-11-12
8471606,계량기수리업,1,2016,5,17,,,,,,2016-05-17
8471607,계량기수리업,1,2020,12,2,,,,,,2020-12-02
8471608,계량기수리업,0,2000,12,13,2009,5,19,9,2009-05-19,2000-12-13
8471609,계량기수리업,1,2021,10,22,,,,,,2021-10-22
8471610,계량기수리업,0,1996,6,5,2015,7,17,19,2015-07-17,1996-06-05
8471611,계량기수리업,1,2009,11,25,,,,,,2009-11-25
8471612,계량기수리업,1,2021,6,1,,,,,,2021-06-01
8471613,계량기수리업,1,2013,3,12,,,,,,2013-03-12
8471614,계량기수리업,1,1994,12,7,,,,,,1994-12-07
8471615,계량기수리업,1,2010,8,11,,,,,,2010-08-11
8471616,계량기수리업,1,1962,12,6,,,,,,1962-12-06
8471617,계량기수리업,1,2001,3,9,,,,,,2001-03-09
8471618,계량기수리업,0,2013,12,26,2016,8,17,3,2016-08-17,2013-12-26
8471619,계량기수리업,0,2002,7,18,2007,2,12,5,2007-02-12,2002-07-18
8471620,계량기수리업,0,2001,5,4,2012,2,1,11,2012-02-01,2001-05-04
8471621,계량기수리업,0,1995,3,4,2018,1,18,23,2018-01-18,1995-03-04
8471622,계량기수리업,1,1984,4,17,,,,,,1984-04-17
8471623,계량기수리업,1,2017,9,26,,,,,,2017-09-26
8471624,계량기수리업,1,1994,12,2,,,,,,1994-12-02
8471625,계량기수리업,1,1998,9,1,,,,,,1998-09-01
8471626,계량기수리업,1,1999,9,3,,,,,,1999-09-03
8471627,계량기수리업,1,2003,9,22,,,,,,2003-09-22
8471628,계량기수리업,1,2008,4,1,,,,,,2008-04-01
8471629,계량기수리업,1,2012,3,13,,,,,,2012-03-13
8471630,계량기수리업,1,1984,6,15,,,,,,1984-06-15
8471631,계량기수리업,1,2004,1,26,,,,,,2004-01-26
8471632,계량기수리업,0,2013,8,19,2020,11,30,7,2020-11-30,2013-08-19
8471633,계량기수리업,1,2021,4,9,,,,,,2021-04-09
8471634,계량기수리업,1,2020,4,10,,,,,,2020-04-10
8471635,계량기수리업,1,2020,5,22,,,,,,2020-05-22
8471636,계량기수리업,1,2001,11,29,,,,,,2001-11-29
8471637,계량기수리업,1,1998,3,28,,,,,,1998-03-28
8471638,계량기수리업,1,1987,11,20,,,,,,1987-11-20
8471639,계량기수리업,1,2009,8,13,,,,,,2009-08-13
8471640,계량기수리업,1,2018,9,27,,,,,,2018-09-27
8471641,계량기수리업,0,2001,12,7,2008,10,30,7,2008-10-30,2001-12-07
8471642,계량기수리업,0,2009,9,24,2019,11,26,10,2019-11-26,2009-09-24
8471643,계량기수리업,1,2007,5,10,,,,,,2007-05-10
8471644,계량기수리업,1,2009,10,1,,,,,,2009-10-01
8471645,계량기수리업,0,2010,11,11,2016,5,25,6,2016-05-25,2010-11-11
8471646,계량기수리업,1,1996,6,4,,,,,,1996-06-04
8471647,계량기수리업,1,2019,10,4,,,,,,2019-10-04
8471648,계량기수리업,1,2002,7,24,,,,,,2002-07-24
8471649,계량기수리업,1,1995,3,4,,,,,,1995-03-04
8471650,계량기수리업,1,2010,2,8,,,,,,2010-02-08
8471651,계량기수리업,1,2011,6,29,,,,,,2011-06-29
8471652,계량기수리업,1,2007,9,9,,,,,,2007-09-09
8471653,계량기수리업,1,2008,10,20,,,,,,2008-10-20
8471654,계량기수리업,1,2015,11,11,,,,,,2015-11-11
8471655,계량기수리업,1,2001,12,13,,,,,,2001-12-13
8471656,계량기수리업,1,2021,4,26,,,,,,2021-04-26
8471657,계량기수리업,1,2013,9,6,,,,,,2013-09-06
8471658,계량기수리업,1,2020,6,26,,,,,,2020-06-26
8471659,계량기수리업,1,2019,9,19,,,,,,2019-09-19
8471660,계량기수리업,1,2019,9,4,,,,,,2019-09-04
8471661,계량기수리업,1,2018,11,1,,,,,,2018-11-01
8471662,계량기수리업,1,2017,11,6,,,,,,2017-11-06
8471663,계량기수리업,1,2017,8,3,,,,,,2017-08-03
8471664,계량기수리업,1,2016,8,2,,,,,,2016-08-02
8471665,계량기수리업,1,2013,2,1,,,,,,2013-02-01
8471666,계량기수리업,1,2014,11,25,,,,,,2014-11-25
8471667,계량기수리업,1,2015,5,4,,,,,,2015-05-04
8471668,계량기수리업,1,2015,5,8,,,,,,2015-05-08
8471669,계량기수리업,1,2015,5,4,,,,,,2015-05-04
8471670,계량기수리업,1,2014,6,19,,,,,,2014-06-19
8471671,계량기수리업,1,2010,12,2,,,,,,2010-12-02
8471672,계량기수리업,1,2013,11,28,,,,,,2013-11-28
8471673,계량기수리업,1,2013,8,27,,,,,,2013-08-27
8471674,계량기수리업,1,2012,4,13,,,,,,2012-04-13
8471675,계량기수리업,1,2005,10,6,,,,,,2005-10-06
8471676,계량기수리업,1,2022,10,4,,,,,,2022-10-04
8471677,계량기수리업,1,2007,2,13,,,,,,2007-02-13
8471678,계량기수리업,1,2005,9,1,,,,,,2005-09-01
8471679,계량기수리업,1,2009,12,15,,,,,,2009-12-15
8471680,계량기수리업,1,2012,8,16,,,,,,2012-08-16
8471681,계량기수리업,0,2004,11,29,2008,9,5,4,2008-09-05,2004-11-29
8471682,계량기수리업,0,2019,3,28,,,,,,2019-03-28
8471683,계량기수리업,1,2018,7,10,,,,,,2018-07-10
8471684,계량기수리업,1,2018,6,12,,,,,,2018-06-12
8471685,계량기수리업,1,2016,4,1,,,,,,2016-04-01
8471686,계량기수리업,1,2014,1,16,,,,,,2014-01-16
8471687,계량기수리업,1,2011,12,21,,,,,,2011-12-21
8471688,계량기수리업,1,2011,9,16,,,,,,2011-09-16
8471689,계량기수리업,1,2010,12,30,,,,,,2010-12-30
8471690,계량기수리업,1,2010,6,22,,,,,,2010-06-22
8471691,계량기수리업,1,2009,1,10,,,,,,2009-01-10
8471692,계량기수리업,1,1996,1,27,,,,,,1996-01-27
8471693,계량기수리업,1,2015,12,28,,,,,,2015-12-28
8471694,계량기수리업,0,2005,1,29,2016,4,5,11,2016-04-05,2005-01-29
8471695,계량기수리업,1,2019,3,28,,,,,,2019-03-28
8471696,계량기수리업,1,2018,7,10,,,,,,2018-07-10
8471697,계량기수리업,1,2009,6,30,,,,,,2009-06-30
8471698,계량기수리업,1,2022,5,30,,,,,,2022-05-30
8471699,계량기수리업,1,2019,6,21,,,,,,2019-06-21
8471700,계량기수리업,1,2016,5,18,,,,,,2016-05-18
8471701,계량기수리업,1,2015,8,27,,,,,,2015-08-27
8471702,계량기수리업,1,2015,5,15,,,,,,2015-05-15
8471703,계량기수리업,1,2013,5,29,,,,,,2013-05-29
8471704,계량기수리업,1,2008,9,3,,,,,,2008-09-03
8471705,계량기수리업,1,2010,8,5,,,,,,2010-08-05
8471706,계량기수리업,1,2009,8,21,,,,,,2009-08-21
8471707,계량기수리업,1,2022,11,2,,,,,,2022-11-02
8471708,계량기수리업,1,2005,12,2,,,,,,2005-12-02
8471709,계량기수리업,1,1978,11,1,,,,,,1978-11-01
8471710,계량기수리업,1,1978,9,25,,,,,,1978-09-25
8471711,계량기수리업,1,2012,7,25,,,,,,2012-07-25
8471712,계량기수리업,1,2014,12,16,,,,,,2014-12-16
8471713,계량기수리업,1,2019,10,8,,,,,,2019-10-08
8471714,계량기수리업,1,2019,10,8,,,,,,2019-10-08
8471715,계량기수리업,1,2011,3,2,,,,,,2011-03-02
8471716,계량기수리업,1,1994,7,30,,,,,,1994-07-30
8471717,계량기수리업,1,1973,10,19,,,,,,1973-10-19
8471718,계량기수리업,0,2005,12,26,2017,2,15,12,2017-02-15,2005-12-26
8471719,계량기수리업,1,2003,12,15,,,,,,2003-12-15
8471720,계량기수리업,1,1999,1,22,,,,,,1999-01-22
8471721,계량기수리업,1,1996,5,10,,,,,,1996-05-10
8471722,계량기수리업,1,2022,11,21,,,,,,2022-11-21
8471723,계량기수리업,0,2012,1,30,2012,2,6,0,2012-02-06,2012-01-30
8471724,계량기수리업,1,2020,7,31,,,,,,2020-07-31
8471725,계량기수리업,1,2016,10,24,,,,,,2016-10-24
8471726,계량기수리업,1,2015,3,31,,,,,,2015-03-31
8471727,계량기수리업,1,2013,6,20,,,,,,2013-06-20
8471728,계량기수리업,1,2010,12,13,,,,,,2010-12-13
8471729,계량기수리업,1,1983,2,15,,,,,,1983-02-15
8471730,계량기수리업,1,1991,3,6,,,,,,1991-03-06
8471731,계량기수리업,1,1999,2,11,,,,,,1999-02-11
8471732,계량기수리업,1,2002,7,29,,,,,,2002-07-29
8471733,계량기수리업,1,2003,1,18,,,,,,2003-01-18
8471734,계량기수리업,1,2006,11,23,,,,,,2006-11-23
8471735,계량기수리업,1,2004,7,7,,,,,,2004-07-07
8471736,계량기수리업,1,2008,9,18,,,,,,2008-09-18
8471737,계량기수리업,1,2011,11,1,,,,,,2011-11-01
8471738,계량기수리업,1,2013,3,12,,,,,,2013-03-12
8471739,계량기수리업,1,2017,1,18,,,,,,2017-01-18
8471740,계량기수리업,1,2018,1,23,,,,,,2018-01-23
8471741,계량기수리업,1,2018,3,22,,,,,,2018-03-22
8471742,계량기수리업,1,2020,10,8,,,,,,2020-10-08
8471743,계량기수리업,1,2020,12,10,,,,,,2020-12-10
8471744,계량기수리업,1,2021,9,8,,,,,,2021-09-08
8471745,계량기수리업,1,2003,11,28,,,,,,2003-11-28
8471746,계량기수리업,0,2010,7,13,2020,3,17,10,2020-03-17,2010-07-13
8471747,계량기수리업,0,2003,5,14,2008,3,24,5,2008-03-24,2003-05-14
8471748,계량기수리업,0,1999,3,25,2019,12,17,20,2019-12-17,1999-03-25
8471749,계량기수리업,0,2016,4,18,2019,11,29,3,2019-11-29,2016-04-18
8471750,계량기수리업,1,2021,3,11,,,,,,2021-03-11
8471751,계량기수리업,0,1990,10,15,,,,,,1990-10-15
8471752,계량기수리업,0,2001,4,11,,,,,,2001-04-11
8471753,계량기수리업,0,1999,7,31,,,,,,1999-07-31
8471754,계량기수리업,0,1999,8,28,,,,,,1999-08-28
8471755,계량기수리업,0,2000,1,28,,,,,,2000-01-28
8471756,계량기수리업,0,2003,5,6,,,,,,2003-05-06
8471757,계량기수리업,0,2003,4,26,,,,,,2003-04-26
8471758,계량기수리업,0,2006,3,8,,,,,,2006-03-08
8471759,계량기수리업,1,1980,4,7,,,,,,1980-04-07
8471760,계량기수리업,1,1994,3,17,,,,,,1994-03-17
8471761,계량기수리업,1,1962,12,6,,,,,,1962-12-06
8471762,계량기수리업,1,1972,11,7,,,,,,1972-11-07
8471763,계량기수리업,1,2001,7,18,,,,,,2001-07-18
8471764,계량기수리업,1,2001,11,6,,,,,,2001-11-06
8471765,계량기수리업,1,2002,3,28,,,,,,2002-03-28
8471766,계량기수리업,1,2002,5,18,,,,,,2002-05-18
8471767,계량기수리업,1,2003,8,20,,,,,,2003-08-20
8471768,계량기수리업,1,2004,11,18,,,,,,2004-11-18
8471769,계량기수리업,1,2004,9,10,,,,,,2004-09-10
8471770,계량기수리업,1,2005,11,8,,,,,,2005-11-08
8471771,계량기수리업,1,1967,4,28,,,,,,1967-04-28
8471772,계량기수리업,1,2009,7,7,,,,,,2009-07-07
8471773,계량기수리업,1,2001,7,14,,,,,,2001-07-14
8471774,계량기수리업,1,2010,8,11,,,,,,2010-08-11
8471775,계량기수리업,1,2010,8,31,,,,,,2010-08-31
8471776,계량기수리업,1,2011,6,22,,,,,,2011-06-22
8471777,계량기수리업,1,1995,3,9,,,,,,1995-03-09
8471778,계량기수리업,1,2011,8,25,,,,,,2011-08-25
8471779,계량기수리업,1,2011,11,2,,,,,,2011-11-02
8471780,계량기수리업,1,2000,3,30,,,,,,2000-03-30
8471781,계량기수리업,1,2009,5,8,,,,,,2009-05-08
8471782,계량기수리업,1,1990,11,28,,,,,,1990-11-28
8471783,계량기수리업,1,2001,6,14,,,,,,2001-06-14
8471784,계량기수리업,1,2006,2,7,,,,,,2006-02-07
8471785,계량기수리업,1,2010,4,22,,,,,,2010-04-22
8471786,계량기수리업,1,1982,6,15,,,,,,1982-06-15
8471787,계량기수리업,1,1997,4,25,,,,,,1997-04-25
8471788,계량기수리업,1,1998,7,20,,,,,,1998-07-20
8471789,계량기수리업,1,1998,7,31,,,,,,1998-07-31
8471790,계량기수리업,1,2000,1,28,,,,,,2000-01-28
8471791,계량기수리업,1,2001,2,23,,,,,,2001-02-23
8471792,계량기수리업,1,2001,2,23,,,,,,2001-02-23
8471793,계량기수리업,1,1988,2,28,,,,,,1988-02-28
8471794,계량기수리업,1,2006,12,1,,,,,,2006-12-01
8471795,계량기수리업,1,2006,12,1,,,,,,2006-12-01
8471796,계량기수리업,1,2006,12,1,,,,,,2006-12-01
8471797,계량기수리업,1,2004,12,30,,,,,,2004-12-30
8471798,계량기수리업,1,2005,11,7,,,,,,2005-11-07
8471799,계량기수리업,1,1993,6,17,,,,,,1993-06-17
8471800,계량기수리업,1,1993,6,17,,,,,,1993-06-17
8471801,계량기수리업,1,2012,7,2,,,,,,2012-07-02
8471802,계량기수리업,1,2000,9,1,,,,,,2000-09-01
8471803,계량기수리업,1,1994,12,15,,,,,,1994-12-15
8471804,계량기수리업,1,1982,3,16,,,,,,1982-03-16
8471805,계량기수리업,1,1985,4,25,,,,,,1985-04-25
8471806,계량기수리업,1,2003,7,14,,,,,,2003-07-14
8471807,계량기수리업,1,1998,5,4,,,,,,1998-05-04
8471808,계량기수리업,1,2001,1,3,,,,,,2001-01-03
8471809,계량기수리업,1,2001,4,19,,,,,,2001-04-19
8471810,계량기수리업,1,2009,1,28,,,,,,2009-01-28
8471811,계량기수리업,1,2014,11,7,,,,,,2014-11-07
8471812,계량기수리업,1,2008,2,28,,,,,,2008-02-28
8471813,계량기수리업,1,1973,5,8,,,,,,1973-05-08
8471814,계량기수리업,0,2001,2,23,,,,,,2001-02-23
8471815,계량기수리업,1,2003,1,3,,,,,,2003-01-03
8471816,계량기수리업,1,1995,6,26,,,,,,1995-06-26
8471817,계량기수리업,1,2008,6,18,,,,,,2008-06-18
8471818,계량기수리업,1,2004,4,27,,,,,,2004-04-27
8471819,계량기수리업,1,2012,6,15,,,,,,2012-06-15
8471820,계량기수리업,1,2000,9,1,,,,,,2000-09-01
8471821,계량기수리업,1,2006,11,14,,,,,,2006-11-14
8471822,계량기수리업,1,2008,6,11,,,,,,2008-06-11
8471823,계량기수리업,1,2007,5,15,,,,,,2007-05-15
8471824,계량기수리업,1,2011,3,8,,,,,,2011-03-08
8471825,계량기수리업,0,2008,2,27,,,,,,2008-02-27
8471826,계량기수리업,1,2004,2,5,,,,,,2004-02-05
8471827,계량기수리업,1,2020,4,7,,,,,,2020-04-07
8471828,계량기수리업,1,1979,3,10,,,,,,1979-03-10
8471829,계량기수리업,0,2007,12,13,,,,,,2007-12-13
8471830,계량기수리업,0,1993,3,4,,,,,,1993-03-04
8471831,계량기수리업,0,2006,2,3,,,,,,2006-02-03
8471832,계량기수리업,0,2001,7,23,,,,,,2001-07-23
8471833,계량기수리업,0,2006,2,9,,,,,,2006-02-09
8471834,계량기수리업,0,2007,8,23,,,,,,2007-08-23
8471835,계량기수리업,0,2008,6,4,,,,,,2008-06-04
8471836,계량기수리업,0,2011,5,2,,,,,,2011-05-02
8471837,계량기수리업,0,1999,1,13,,,,,,1999-01-13
8471838,계량기수리업,0,1995,3,6,,,,,,1995-03-06
8471839,계량기수리업,0,2007,6,12,,,,,,2007-06-12
8471840,계량기수리업,1,1989,3,29,,,,,,1989-03-29
8471841,계량기수리업,1,1974,5,22,,,,,,1974-05-22
8471842,계량기수리업,1,1978,1,17,,,,,,1978-01-17
8471843,계량기수리업,1,1997,5,29,,,,,,1997-05-29
8471844,계량기수리업,1,2000,2,15,,,,,,2000-02-15
8471845,계량기수리업,1,2012,1,9,,,,,,2012-01-09
8471846,계량기수리업,1,2012,9,28,,,,,,2012-09-28
8471847,계량기수리업,1,2012,11,1,,,,,,2012-11-01
8471848,계량기수리업,1,2013,4,3,,,,,,2013-04-03
8471849,계량기수리업,1,2014,8,4,,,,,,2014-08-04
8471850,계량기수리업,1,2014,12,29,,,,,,2014-12-29
8471851,계량기수리업,1,2015,8,24,,,,,,2015-08-24
8471852,계량기수리업,1,2015,12,3,,,,,,2015-12-03
8471853,계량기수리업,1,2015,12,30,,,,,,2015-12-30
8471854,계량기수리업,1,2016,8,25,,,,,,2016-08-25
8471855,계량기수리업,1,2018,1,16,,,,,,2018-01-16
8471856,계량기수리업,1,1971,5,17,,,,,,1971-05-17
8471857,계량기수리업,1,2000,2,10,,,,,,2000-02-10
8471858,계량기수리업,1,2000,2,26,,,,,,2000-02-26
8471859,계량기수리업,1,2002,1,17,,,,,,2002-01-17
8471860,계량기수리업,1,2002,4,9,,,,,,2002-04-09
8471861,계량기수리업,1,2002,8,13,,,,,,2002-08-13
8471862,계량기수리업,1,2003,1,14,,,,,,2003-01-14
8471863,계량기수리업,1,2003,2,18,,,,,,2003-02-18
8471864,계량기수리업,1,2005,8,8,,,,,,2005-08-08
8471865,계량기수리업,1,2004,6,22,,,,,,2004-06-22
8471866,계량기수리업,1,2006,9,1,,,,,,2006-09-01
8471867,계량기수리업,1,2007,9,14,,,,,,2007-09-14
8471868,계량기수리업,1,2009,6,10,,,,,,2009-06-10
8471869,계량기수리업,1,2009,10,23,,,,,,2009-10-23
8471870,계량기수리업,1,1994,10,26,,,,,,1994-10-26
8471871,계량기수리업,0,1995,5,29,,,,,,1995-05-29
8471872,계량기수리업,1,2016,8,16,,,,,,2016-08-16
8471873,계량기수리업,1,2013,5,8,,,,,,2013-05-08
8471874,계량기수리업,1,2002,6,19,,,,,,2002-06-19
8471875,계량기수리업,1,2002,8,9,,,,,,2002-08-09
8471876,계량기수리업,1,1998,7,10,,,,,,1998-07-10
8471877,계량기수리업,1,1996,5,29,,,,,,1996-05-29
8471878,계량기수리업,1,2004,2,26,,,,,,2004-02-26
8471879,계량기수리업,1,2022,7,25,,,,,,2022-07-25
8471880,계량기수리업,1,1998,1,9,,,,,,1998-01-09
8471881,계량기수리업,1,2003,1,21,,,,,,2003-01-21
8471882,계량기수리업,1,1979,3,10,,,,,,1979-03-10
8471883,계량기수리업,1,1979,3,10,,,,,,1979-03-10
8471884,계량기수리업,1,1981,4,20,,,,,,1981-04-20
8471885,계량기수리업,1,2007,3,15,,,,,,2007-03-15
8471886,계량기수리업,1,2007,8,24,,,,,,2007-08-24
8471887,계량기수리업,1,2021,5,27,,,,,,2021-05-27
8471888,계량기수리업,1,2013,2,8,,,,,,2013-02-08
8471889,계량기수리업,1,2020,2,21,,,,,,2020-02-21
8471890,계량기수리업,1,2018,8,1,,,,,,2018-08-01
8471891,계량기수리업,1,2017,9,18,,,,,,2017-09-18
8471892,계량기수리업,1,2017,5,10,,,,,,2017-05-10
8471893,계량기수리업,1,2016,6,14,,,,,,2016-06-14
8471894,계량기수리업,1,2016,4,19,,,,,,2016-04-19
8471895,계량기수리업,1,2012,8,7,,,,,,2012-08-07
8471896,계량기수리업,0,2008,12,30,,,,,,2008-12-30
8471897,계량기수리업,0,2012,2,10,,,,,,2012-02-10
8471898,계량기수리업,0,2005,2,19,,,,,,2005-02-19
8471899,계량기수리업,0,2000,1,7,,,,,,2000-01-07
8471900,계량기수리업,0,1998,11,24,,,,,,1998-11-24
8471901,계량기수리업,0,2006,3,22,,,,,,2006-03-22
8471902,계량기수리업,0,2001,3,3,,,,,,2001-03-03
8471903,계량기수리업,0,1994,4,10,,,,,,1994-04-10
8471904,계량기수리업,0,1993,5,12,,,,,,1993-05-12
8471905,계량기수리업,1,2002,12,18,,,,,,2002-12-18
8471906,계량기수리업,1,2006,4,21,,,,,,2006-04-21
8471907,계량기수리업,1,2015,12,2,,,,,,2015-12-02
8471908,계량기수리업,1,2008,3,24,,,,,,2008-03-24
8471909,계량기수리업,1,2008,5,22,,,,,,2008-05-22
8471910,계량기수리업,1,2008,9,25,,,,,,2008-09-25
8471911,계량기수리업,1,2009,10,28,,,,,,2009-10-28
8471912,계량기수리업,1,1996,8,22,,,,,,1996-08-22
8471913,계량기수리업,1,2011,11,16,,,,,,2011-11-16
8471914,계량기수리업,1,1984,3,30,,,,,,1984-03-30
8471915,계량기수리업,1,1983,3,25,,,,,,1983-03-25
8471916,계량기수리업,1,1971,6,5,,,,,,1971-06-05
8471917,계량기수리업,1,1969,5,17,,,,,,1969-05-17
8471918,계량기수리업,1,1997,2,17,,,,,,1997-02-17
8471919,계량기수리업,1,2012,2,9,,,,,,2012-02-09
8471920,계량기수리업,1,2012,7,2,,,,,,2012-07-02
8471921,계량기수리업,1,2010,5,12,,,,,,2010-05-12
8471922,계량기수리업,1,2002,4,26,,,,,,2002-04-26
8471923,계량기수리업,1,2011,8,30,,,,,,2011-08-30
8471924,계량기수리업,1,2004,11,16,,,,,,2004-11-16
8471925,계량기수리업,0,2007,4,12,,,,,,2007-04-12
8471926,계량기수리업,1,2005,7,14,,,,,,2005-07-14
8471927,계량기수리업,1,1999,9,29,,,,,,1999-09-29
8471928,계량기수리업,1,2003,4,22,,,,,,2003-04-22
8471929,계량기수리업,1,2009,5,12,,,,,,2009-05-12
8471930,계량기수리업,1,2007,4,25,,,,,,2007-04-25
8471931,계량기수리업,1,2000,1,20,,,,,,2000-01-20
8471932,계량기수리업,1,2009,10,28,,,,,,2009-10-28
8471933,계량기수리업,1,2013,12,2,,,,,,2013-12-02
8471934,계량기수리업,1,1999,10,1,,,,,,1999-10-01
8471935,계량기수리업,1,1994,11,20,,,,,,1994-11-20
8471936,계량기수리업,1,1994,12,16,,,,,,1994-12-16
8471937,계량기수리업,1,1980,4,3,,,,,,1980-04-03
8471938,계량기수리업,1,2021,7,9,,,,,,2021-07-09
8471939,계량기수리업,1,2021,7,9,,,,,,2021-07-09
8471940,계량기수리업,1,2021,4,7,,,,,,2021-04-07
8471941,계량기수리업,1,2017,3,21,,,,,,2017-03-21
8471942,계량기수리업,1,2015,7,21,,,,,,2015-07-21
8471943,계량기수리업,1,2014,6,30,,,,,,2014-06-30
8471944,계량기수리업,0,2015,8,25,2017,12,14,2,2017-12-14,2015-08-25
8471945,계량기수리업,1,2016,2,17,,,,,,2016-02-17
8471946,계량기수리업,0,2012,3,5,2015,7,9,3,2015-07-09,2012-03-05
