,개방서비스명,영업상태(0=폐업),open_year,open_month,open_day,close_year,close_month,close_day,존속년도,폐업시기,개업시기
8471947,계량기수입업,1,2019,1,7,,,,,,2019-01-07
8471948,계량기수입업,0,2018,3,16,2021,7,2,3,2021-07-02,2018-03-16
8471949,계량기수입업,0,1987,9,10,2018,9,4,31,2018-09-04,1987-09-10
8471950,계량기수입업,1,2015,3,18,,,,,,2015-03-18
8471951,계량기수입업,1,2015,3,18,,,,,,2015-03-18
8471952,계량기수입업,1,2018,1,9,,,,,,2018-01-09
8471953,계량기수입업,1,2016,7,11,,,,,,2016-07-11
8471954,계량기수입업,1,2022,1,4,,,,,,2022-01-04
8471955,계량기수입업,1,2019,10,21,,,,,,2019-10-21
8471956,계량기수입업,1,2015,3,10,,,,,,2015-03-10
8471957,계량기수입업,1,2018,3,23,,,,,,2018-03-23
8471958,계량기수입업,1,2019,3,27,,,,,,2019-03-27
8471959,계량기수입업,1,2016,8,22,,,,,,2016-08-22
8471960,계량기수입업,1,2015,10,22,,,,,,2015-10-22
8471961,계량기수입업,1,2015,8,20,,,,,,2015-08-20
8471962,계량기수입업,1,2015,4,20,,,,,,2015-04-20
8471963,계량기수입업,1,2015,3,27,,,,,,2015-03-27
8471964,계량기수입업,1,2015,3,18,,,,,,2015-03-18
8471965,계량기수입업,0,2017,10,16,2018,3,28,1,2018-03-28,2017-10-16
8471966,계량기수입업,1,2017,12,28,,,,,,2017-12-28
8471967,계량기수입업,1,2020,1,13,,,,,,2020-01-13
8471968,계량기수입업,1,2022,2,7,,,,,,2022-02-07
8471969,계량기수입업,1,2015,3,27,,,,,,2015-03-27
8471970,계량기수입업,1,2022,5,17,,,,,,2022-05-17
8471971,계량기수입업,1,2022,7,18,,,,,,2022-07-18
8471972,계량기수입업,1,2016,5,23,,,,,,2016-05-23
8471973,계량기수입업,1,2015,5,4,,,,,,2015-05-04
8471974,계량기수입업,1,2015,3,30,,,,,,2015-03-30
8471975,계량기수입업,1,2016,8,10,,,,,,2016-08-10
8471976,계량기수입업,1,2018,8,31,,,,,,2018-08-31
8471977,계량기수입업,1,2021,5,20,,,,,,2021-05-20
8471978,계량기수입업,1,2021,6,2,,,,,,2021-06-02
8471979,계량기수입업,1,2015,3,25,,,,,,2015-03-25
8471980,계량기수입업,1,2015,3,18,,,,,,2015-03-18
8471981,계량기수입업,0,2015,3,19,,,,,,2015-03-19
8471982,계량기수입업,0,2016,1,25,2018,7,31,2,2018-07-31,2016-01-25
8471983,계량기수입업,1,2022,5,2,,,,,,2022-05-02
8471984,계량기수입업,1,2021,11,8,,,,,,2021-11-08
8471985,계량기수입업,1,2015,10,15,,,,,,2015-10-15
8471986,계량기수입업,1,2015,1,28,,,,,,2015-01-28
8471987,계량기수입업,1,2017,7,17,,,,,,2017-07-17
8471988,계량기수입업,1,2015,3,19,,,,,,2015-03-19
8471989,계량기수입업,1,2015,3,25,,,,,,2015-03-25
8471990,계량기수입업,1,2017,7,18,,,,,,2017-07-18
8471991,계량기수입업,1,2015,3,25,,,,,,2015-03-25
8471992,계량기수입업,1,2017,5,24,,,,,,2017-05-24
8471993,계량기수입업,0,2018,5,16,2018,11,22,0,2018-11-22,2018-05-16
8471994,계량기수입업,1,2017,12,29,,,,,,2017-12-29
8471995,계량기수입업,0,1980,11,18,,,,,,1980-11-18
8471996,계량기수입업,1,2020,2,11,,,,,,2020-02-11
8471997,계량기수입업,1,2020,7,22,,,,,,2020-07-22
8471998,계량기수입업,1,2020,8,28,,,,,,2020-08-28
8471999,계량기수입업,1,2011,12,2,,,,,,2011-12-02
8472000,계량기수입업,1,2007,1,11,,,,,,2007-01-11
8472001,계량기수입업,1,2020,7,22,,,,,,2020-07-22
8472002,계량기수입업,0,1986,7,29,,,,,,1986-07-29
8472003,계량기수입업,1,1986,8,5,,,,,,1986-08-05
8472004,계량기수입업,1,2016,9,19,,,,,,2016-09-19
8472005,계량기수입업,1,2018,6,19,,,,,,2018-06-19
8472006,계량기수입업,1,2020,11,16,,,,,,2020-11-16
8472007,계량기수입업,1,2019,12,10,,,,,,2019-12-10
8472008,계량기수입업,1,2021,6,18,,,,,,2021-06-18
8472009,계량기수입업,1,2021,7,27,,,,,,2021-07-27
8472010,계량기수입업,1,2021,7,30,,,,,,2021-07-30
8472011,계량기수입업,1,2021,7,30,,,,,,2021-07-30
8472012,계량기수입업,1,1974,10,10,,,,,,1974-10-10
8472013,계량기수입업,1,2022,9,27,,,,,,2022-09-27
8472014,계량기수입업,1,2022,6,16,,,,,,2022-06-16
8472015,계량기수입업,0,2018,7,2,2021,12,16,3,2021-12-16,2018-07-02
8472016,계량기수입업,0,1989,11,17,,,,,,1989-11-17
8472017,계량기수입업,1,2000,9,9,,,,,,2000-09-09
8472018,계량기수입업,1,2015,10,30,,,,,,2015-10-30
8472019,계량기수입업,1,2000,11,24,,,,,,2000-11-24
8472020,계량기수입업,1,2018,8,24,,,,,,2018-08-24
8472021,계량기수입업,0,2014,6,25,,,,,,2014-06-25
8472022,계량기수입업,1,2019,4,23,,,,,,2019-04-23
8472023,계량기수입업,1,2015,1,21,,,,,,2015-01-21
8472024,계량기수입업,1,2019,9,23,,,,,,2019-09-23
8472025,계량기수입업,1,2015,3,10,,,,,,2015-03-10
8472026,계량기수입업,0,2005,9,16,,,,,,2005-09-16
8472027,계량기수입업,1,1990,6,27,,,,,,1990-06-27
8472028,계량기수입업,0,2014,11,5,2017,2,22,3,2017-02-22,2014-11-05
8472029,계량기수입업,0,1985,4,25,2018,4,19,33,2018-04-19,1985-04-25
8472030,계량기수입업,0,2019,2,15,2020,11,2,1,2020-11-02,2019-02-15
8472031,계량기수입업,0,2015,6,25,2016,6,14,1,2016-06-14,2015-06-25
8472032,계량기수입업,1,2018,7,30,,,,,,2018-07-30
8472033,계량기수입업,1,2017,11,2,,,,,,2017-11-02
8472034,계량기수입업,1,2015,3,17,,,,,,2015-03-17
8472035,계량기수입업,1,2022,10,26,,,,,,2022-10-26
8472036,계량기수입업,1,2022,2,16,,,,,,2022-02-16
8472037,계량기수입업,1,2015,4,13,,,,,,2015-04-13
8472038,계량기수입업,1,2020,10,14,,,,,,2020-10-14
8472039,계량기수입업,1,2015,6,30,,,,,,2015-06-30
8472040,계량기수입업,1,2020,3,17,,,,,,2020-03-17
8472041,계량기수입업,1,2017,11,30,,,,,,2017-11-30
8472042,계량기수입업,1,2022,12,27,,,,,,2022-12-27
8472043,계량기수입업,0,1991,12,24,2020,12,22,29,2020-12-22,1991-12-24
8472044,계량기수입업,0,1998,5,19,2020,12,22,22,2020-12-22,1998-05-19
8472045,계량기수입업,0,2007,3,28,2021,3,8,14,2021-03-08,2007-03-28
8472046,계량기수입업,1,2022,3,4,,,,,,2022-03-04
8472047,계량기수입업,1,2015,2,9,,,,,,2015-02-09
8472048,계량기수입업,0,2014,4,10,2022,12,14,8,2022-12-14,2014-04-10
8472049,계량기수입업,0,2009,4,16,2022,12,14,13,2022-12-14,2009-04-16
8472050,계량기수입업,0,2008,12,31,2022,12,14,14,2022-12-14,2008-12-31
8472051,계량기수입업,0,2009,1,5,2022,12,14,13,2022-12-14,2009-01-05
8472052,계량기수입업,0,2009,4,16,2022,12,14,13,2022-12-14,2009-04-16
8472053,계량기수입업,1,2020,5,19,,,,,,2020-05-19
8472054,계량기수입업,1,2021,12,16,,,,,,2021-12-16
8472055,계량기수입업,0,2012,6,13,,,,,,2012-06-13
8472056,계량기수입업,1,2018,11,30,,,,,,2018-11-30
8472057,계량기수입업,0,2020,2,5,,,,,,2020-02-05
8472058,계량기수입업,0,1995,2,2,2010,3,24,15,2010-03-24,1995-02-02
8472059,계량기수입업,0,2017,1,17,,,,,,2017-01-17
8472060,계량기수입업,0,2010,10,11,2013,8,26,3,2013-08-26,2010-10-11
8472061,계량기수입업,1,2002,10,10,,,,,,2002-10-10
8472062,계량기수입업,1,2017,6,2,,,,,,2017-06-02
8472063,계량기수입업,1,2015,1,21,,,,,,2015-01-21
8472064,계량기수입업,0,2022,8,1,,,,,,2022-08-01
8472065,계량기수입업,1,2020,8,10,,,,,,2020-08-10
8472066,계량기수입업,1,2015,4,3,,,,,,2015-04-03
8472067,계량기수입업,0,1983,12,22,2018,4,12,35,2018-04-12,1983-12-22
8472068,계량기수입업,1,2016,5,18,,,,,,2016-05-18
8472069,계량기수입업,1,2018,11,7,,,,,,2018-11-07
8472070,계량기수입업,1,2018,4,6,,,,,,2018-04-06
8472071,계량기수입업,0,2015,4,6,2018,12,11,3,2018-12-11,2015-04-06
8472072,계량기수입업,1,2015,3,9,,,,,,2015-03-09
8472073,계량기수입업,1,2015,4,1,,,,,,2015-04-01
8472074,계량기수입업,1,2015,3,28,,,,,,2015-03-28
8472075,계량기수입업,0,2018,12,19,2022,1,18,4,2022-01-18,2018-12-19
8472076,계량기수입업,1,2019,9,19,,,,,,2019-09-19
8472077,계량기수입업,1,2017,8,8,,,,,,2017-08-08
8472078,계량기수입업,1,2018,4,19,,,,,,2018-04-19
8472079,계량기수입업,1,2017,11,30,,,,,,2017-11-30
8472080,계량기수입업,0,2018,4,19,,,,,,2018-04-19
8472081,계량기수입업,1,2022,5,10,,,,,,2022-05-10
8472082,계량기수입업,0,2018,11,12,2021,12,27,3,2021-12-27,2018-11-12
8472083,계량기수입업,1,2015,6,30,,,,,,2015-06-30
8472084,계량기수입업,1,2018,12,10,,,,,,2018-12-10
8472085,계량기수입업,1,2021,4,12,,,,,,2021-04-12
8472086,계량기수입업,1,2018,8,16,,,,,,2018-08-16
8472087,계량기수입업,1,2016,7,26,,,,,,2016-07-26
8472088,계량기수입업,0,2020,1,20,2021,2,1,1,2021-02-01,2020-01-20
8472089,계량기수입업,1,2015,11,5,,,,,,2015-11-05
8472090,계량기수입업,1,2015,3,27,,,,,,2015-03-27
8472091,계량기수입업,1,2020,4,22,,,,,,2020-04-22
8472092,계량기수입업,1,2015,3,27,,,,,,2015-03-27
8472093,계량기수입업,1,2016,8,19,,,,,,2016-08-19
8472094,계량기수입업,1,2019,11,14,,,,,,2019-11-14
8472095,계량기수입업,1,2015,6,5,,,,,,2015-06-05
8472096,계량기수입업,0,2016,3,2,2019,10,10,3,2019-10-10,2016-03-02
8472097,계량기수입업,0,2000,8,30,2009,4,20,9,2009-04-20,2000-08-30
8472098,계량기수입업,1,2015,2,25,,,,,,2015-02-25
8472099,계량기수입업,0,2010,6,15,2012,7,16,2,2012-07-16,2010-06-15
8472100,계량기수입업,0,2015,8,11,2015,8,11,0,2015-08-11,2015-08-11
8472101,계량기수입업,1,2021,7,16,,,,,,2021-07-16
8472102,계량기수입업,1,2021,7,29,,,,,,2021-07-29
8472103,계량기수입업,0,2004,11,24,2014,6,20,10,2014-06-20,2004-11-24
8472104,계량기수입업,0,2005,9,12,2018,6,5,13,2018-06-05,2005-09-12
8472105,계량기수입업,0,2016,5,11,2016,5,12,0,2016-05-12,2016-05-11
8472106,계량기수입업,1,2017,4,3,,,,,,2017-04-03
8472107,계량기수입업,0,2000,8,10,,,,,,2000-08-10
8472108,계량기수입업,0,1994,2,25,,,,,,1994-02-25
8472109,계량기수입업,1,2021,8,4,,,,,,2021-08-04
8472110,계량기수입업,1,2012,9,21,,,,,,2012-09-21
8472111,계량기수입업,1,2013,12,10,,,,,,2013-12-10
8472112,계량기수입업,1,2017,6,2,,,,,,2017-06-02
8472113,계량기수입업,1,2006,7,20,,,,,,2006-07-20
8472114,계량기수입업,1,2022,2,23,,,,,,2022-02-23
8472115,계량기수입업,1,2018,5,23,,,,,,2018-05-23
8472116,계량기수입업,1,2022,2,15,,,,,,2022-02-15
8472117,계량기수입업,1,2015,3,24,,,,,,2015-03-24
8472118,계량기수입업,0,1996,5,18,2016,11,1,20,2016-11-01,1996-05-18
8472119,계량기수입업,0,2000,1,27,2016,11,1,16,2016-11-01,2000-01-27
8472120,계량기수입업,0,1995,9,27,2016,11,1,21,2016-11-01,1995-09-27
8472121,계량기수입업,1,2021,6,1,,,,,,2021-06-01
8472122,계량기수입업,0,2017,8,3,2021,10,15,4,2021-10-15,2017-08-03
8472123,계량기수입업,1,2021,3,11,,,,,,2021-03-11
8472124,계량기수입업,1,2020,5,14,,,,,,2020-05-14
8472125,계량기수입업,0,1997,12,8,2020,11,30,23,2020-11-30,1997-12-08
8472126,계량기수입업,0,1998,7,3,2020,11,30,22,2020-11-30,1998-07-03
8472127,계량기수입업,0,2004,3,16,2020,11,30,16,2020-11-30,2004-03-16
8472128,계량기수입업,1,2005,7,4,,,,,,2005-07-04
8472129,계량기수입업,1,2009,6,3,,,,,,2009-06-03
8472130,계량기수입업,1,2020,3,20,,,,,,2020-03-20
8472131,계량기수입업,1,2016,6,9,,,,,,2016-06-09
8472132,계량기수입업,0,2002,3,12,2018,6,18,16,2018-06-18,2002-03-12
8472133,계량기수입업,0,2018,3,29,2020,4,29,2,2020-04-29,2018-03-29
8472134,계량기수입업,1,2012,10,10,,,,,,2012-10-10
8472135,계량기수입업,0,1999,6,4,,,,,,1999-06-04
8472136,계량기수입업,1,2016,12,20,,,,,,2016-12-20
8472137,계량기수입업,1,2005,6,4,,,,,,2005-06-04
8472138,계량기수입업,1,2013,2,1,,,,,,2013-02-01
8472139,계량기수입업,0,2004,7,21,,,,,,2004-07-21
8472140,계량기수입업,1,2015,8,5,,,,,,2015-08-05
8472141,계량기수입업,1,2015,8,5,,,,,,2015-08-05
8472142,계량기수입업,1,2021,6,14,,,,,,2021-06-14
8472143,계량기수입업,1,2015,3,5,,,,,,2015-03-05
8472144,계량기수입업,1,2017,4,6,,,,,,2017-04-06
8472145,계량기수입업,1,2015,2,11,,,,,,2015-02-11
8472146,계량기수입업,1,2021,4,27,,,,,,2021-04-27
8472147,계량기수입업,0,2015,11,23,2017,6,16,2,2017-06-16,2015-11-23
8472148,계량기수입업,0,2016,11,9,2022,2,10,6,2022-02-10,2016-11-09
8472149,계량기수입업,1,1973,10,19,,,,,,1973-10-19
8472150,계량기수입업,1,2015,8,10,,,,,,2015-08-10
8472151,계량기수입업,1,2016,12,20,,,,,,2016-12-20
8472152,계량기수입업,0,1984,5,15,2016,6,16,32,2016-06-16,1984-05-15
8472153,계량기수입업,0,1988,11,11,2010,12,10,22,2010-12-10,1988-11-11
8472154,계량기수입업,0,1991,5,15,2009,11,23,18,2009-11-23,1991-05-15
8472155,계량기수입업,0,2000,3,23,2021,4,19,21,2021-04-19,2000-03-23
8472156,계량기수입업,0,2002,8,22,2019,11,22,17,2019-11-22,2002-08-22
8472157,계량기수입업,1,2021,4,14,,,,,,2021-04-14
8472158,계량기수입업,1,2018,7,18,,,,,,2018-07-18
8472159,계량기수입업,1,2016,4,6,,,,,,2016-04-06
8472160,계량기수입업,1,2020,10,2,,,,,,2020-10-02
8472161,계량기수입업,1,2017,8,30,,,,,,2017-08-30
8472162,계량기수입업,1,2010,12,8,,,,,,2010-12-08
8472163,계량기수입업,1,2015,3,18,,,,,,2015-03-18
8472164,계량기수입업,1,2015,3,12,,,,,,2015-03-12
8472165,계량기수입업,1,2017,2,8,,,,,,2017-02-08
8472166,계량기수입업,1,2016,8,22,,,,,,2016-08-22
8472167,계량기수입업,1,2016,5,24,,,,,,2016-05-24
8472168,계량기수입업,1,2015,3,27,,,,,,2015-03-27
8472169,계량기수입업,1,2015,1,28,,,,,,2015-01-28
8472170,계량기수입업,1,2016,1,25,,,,,,2016-01-25
8472171,계량기수입업,1,2016,1,26,,,,,,2016-01-26
8472172,계량기수입업,1,2018,5,31,,,,,,2018-05-31
8472173,계량기수입업,1,2018,1,9,,,,,,2018-01-09
8472174,계량기수입업,1,2017,3,14,,,,,,2017-03-14
8472175,계량기수입업,1,2016,2,2,,,,,,2016-02-02
8472176,계량기수입업,1,2015,3,26,,,,,,2015-03-26
8472177,계량기수입업,1,2020,3,17,,,,,,2020-03-17
8472178,계량기수입업,1,2021,8,12,,,,,,2021-08-12
