,개방서비스명,영업상태(0=폐업),open_year,open_month,open_day,close_year,close_month,close_day,존속년도,폐업시기,개업시기
8936533,골프장,1,2019,10,24,,,,,,2019-10-24
8936534,골프장,1,2007,8,13,,,,,,2007-08-13
8936535,골프장,1,2007,3,29,,,,,,2007-03-29
8936536,골프장,1,1996,5,1,,,,,,1996-05-01
8936537,골프장,1,1971,10,21,,,,,,1971-10-21
8936538,골프장,1,2003,3,17,,,,,,2003-03-17
8936539,골프장,1,1999,3,17,,,,,,1999-03-17
8936540,골프장,1,1986,9,1,,,,,,1986-09-01
8936541,골프장,1,2013,1,23,,,,,,2013-01-23
8936542,골프장,1,2012,7,2,,,,,,2012-07-02
8936543,골프장,1,2015,4,27,,,,,,2015-04-27
8936544,골프장,1,2008,12,2,,,,,,2008-12-02
8936545,골프장,1,1991,3,28,,,,,,1991-03-28
8936546,골프장,1,1990,9,4,,,,,,1990-09-04
8936547,골프장,1,1974,3,20,,,,,,1974-03-20
8936548,골프장,1,1964,9,28,,,,,,1964-09-28
8936549,골프장,1,2010,3,23,,,,,,2010-03-23
8936550,골프장,1,2011,9,8,,,,,,2011-09-08
8936551,골프장,1,1997,10,15,,,,,,1997-10-15
8936552,골프장,1,2000,6,5,,,,,,2000-06-05
8936553,골프장,1,2002,10,17,,,,,,2002-10-17
8936554,골프장,1,2009,12,31,,,,,,2009-12-31
8936555,골프장,1,1990,12,26,,,,,,1990-12-26
8936556,골프장,1,2007,11,30,,,,,,2007-11-30
8936557,골프장,1,2007,3,19,,,,,,2007-03-19
8936558,골프장,1,1990,3,29,,,,,,1990-03-29
8936559,골프장,1,2014,2,7,,,,,,2014-02-07
8936560,골프장,1,2015,10,27,,,,,,2015-10-27
8936561,골프장,1,2001,7,16,,,,,,2001-07-16
8936562,골프장,1,2002,12,18,,,,,,2002-12-18
8936563,골프장,1,1996,3,27,,,,,,1996-03-27
8936564,골프장,1,1996,9,20,,,,,,1996-09-20
8936565,골프장,1,1993,6,8,,,,,,1993-06-08
8936566,골프장,1,1993,8,23,,,,,,1993-08-23
8936567,골프장,1,1997,1,22,,,,,,1997-01-22
8936568,골프장,1,1997,9,6,,,,,,1997-09-06
8936569,골프장,1,1998,6,3,,,,,,1998-06-03
8936570,골프장,1,1999,2,10,,,,,,1999-02-10
8936571,골프장,1,1999,7,19,,,,,,1999-07-19
8936572,골프장,1,2002,3,29,,,,,,2002-03-29
8936573,골프장,1,2012,9,3,,,,,,2012-09-03
8936574,골프장,1,2012,10,26,,,,,,2012-10-26
8936575,골프장,0,2013,9,6,,,,,,2013-09-06
8936576,골프장,1,2020,9,25,,,,,,2020-09-25
8936577,골프장,1,1970,10,13,,,,,,1970-10-13
8936578,골프장,1,1971,11,24,,,,,,1971-11-24
8936579,골프장,1,1975,4,26,,,,,,1975-04-26
8936580,골프장,1,1981,11,30,,,,,,1981-11-30
8936581,골프장,1,1984,4,28,,,,,,1984-04-28
8936582,골프장,1,1984,6,4,,,,,,1984-06-04
8936583,골프장,1,1986,9,15,,,,,,1986-09-15
8936584,골프장,1,1990,10,15,,,,,,1990-10-15
8936585,골프장,1,1991,12,30,,,,,,1991-12-30
8936586,골프장,1,1992,8,31,,,,,,1992-08-31
8936587,골프장,1,1993,6,8,,,,,,1993-06-08
8936588,골프장,1,1993,8,23,,,,,,1993-08-23
8936589,골프장,1,1994,6,29,,,,,,1994-06-29
8936590,골프장,1,1994,6,29,,,,,,1994-06-29
8936591,골프장,1,2003,4,29,,,,,,2003-04-29
8936592,골프장,1,2003,4,29,,,,,,2003-04-29
8936593,골프장,1,2004,4,27,,,,,,2004-04-27
8936594,골프장,1,2008,5,30,,,,,,2008-05-30
8936595,골프장,1,2015,3,31,,,,,,2015-03-31
8936596,골프장,1,2010,12,20,,,,,,2010-12-20
8936597,골프장,1,2011,11,2,,,,,,2011-11-02
8936598,골프장,1,2011,12,16,,,,,,2011-12-16
8936599,골프장,1,2009,5,27,,,,,,2009-05-27
8936600,골프장,1,2008,6,5,,,,,,2008-06-05
8936601,골프장,1,2008,12,18,,,,,,2008-12-18
8936602,골프장,1,2009,9,1,,,,,,2009-09-01
8936603,골프장,1,2010,3,23,,,,,,2010-03-23
8936604,골프장,1,2010,8,27,,,,,,2010-08-27
8936605,골프장,1,2013,8,9,,,,,,2013-08-09
8936606,골프장,1,2014,3,31,,,,,,2014-03-31
8936607,골프장,1,2008,1,2,,,,,,2008-01-02
8936608,골프장,1,2003,7,3,,,,,,2003-07-03
8936609,골프장,1,1996,1,6,,,,,,1996-01-06
8936610,골프장,1,1996,8,5,,,,,,1996-08-05
8936611,골프장,1,1994,6,29,,,,,,1994-06-29
8936612,골프장,1,1991,7,16,,,,,,1991-07-16
8936613,골프장,1,1986,10,6,,,,,,1986-10-06
8936614,골프장,1,2016,12,28,,,,,,2016-12-28
8936615,골프장,1,2016,8,30,,,,,,2016-08-30
8936616,골프장,1,2014,11,26,,,,,,2014-11-26
8936617,골프장,1,1998,6,21,,,,,,1998-06-21
8936618,골프장,1,2020,2,19,,,,,,2020-02-19
8936619,골프장,1,2011,5,4,,,,,,2011-05-04
8936620,골프장,1,2011,1,29,,,,,,2011-01-29
8936621,골프장,1,2018,4,27,,,,,,2018-04-27
8936622,골프장,1,1992,4,7,,,,,,1992-04-07
8936623,골프장,1,1999,2,12,,,,,,1999-02-12
8936624,골프장,1,1999,6,3,,,,,,1999-06-03
8936625,골프장,0,2011,1,29,2016,3,25,5,2016-03-25,2011-01-29
8936626,골프장,1,2010,2,19,,,,,,2010-02-19
8936627,골프장,1,2008,5,22,,,,,,2008-05-22
8936628,골프장,1,2007,6,12,,,,,,2007-06-12
8936629,골프장,1,2002,11,25,,,,,,2002-11-25
8936630,골프장,1,2001,5,4,,,,,,2001-05-04
8936631,골프장,1,2000,6,12,,,,,,2000-06-12
8936632,골프장,1,2000,9,28,,,,,,2000-09-28
8936633,골프장,1,2022,6,30,,,,,,2022-06-30
8936634,골프장,1,2014,8,5,,,,,,2014-08-05
8936635,골프장,1,1995,10,18,,,,,,1995-10-18
8936636,골프장,0,2008,4,23,2021,10,14,13,2021-10-14,2008-04-23
8936637,골프장,1,2016,8,18,,,,,,2016-08-18
8936638,골프장,1,1999,9,10,,,,,,1999-09-10
8936639,골프장,1,2013,3,12,,,,,,2013-03-12
8936640,골프장,1,2005,8,23,,,,,,2005-08-23
8936641,골프장,1,2018,9,14,,,,,,2018-09-14
8936642,골프장,1,2004,9,24,,,,,,2004-09-24
8936643,골프장,1,2004,9,21,,,,,,2004-09-21
8936644,골프장,1,2002,4,10,,,,,,2002-04-10
8936645,골프장,1,2013,5,31,,,,,,2013-05-31
8936646,골프장,1,2011,10,13,,,,,,2011-10-13
8936647,골프장,1,2004,10,11,,,,,,2004-10-11
8936648,골프장,1,1998,6,18,,,,,,1998-06-18
8936649,골프장,1,1996,5,31,,,,,,1996-05-31
8936650,골프장,1,1994,8,30,,,,,,1994-08-30
8936651,골프장,1,2001,6,2,,,,,,2001-06-02
8936652,골프장,1,2008,10,2,,,,,,2008-10-02
8936653,골프장,1,2008,10,2,,,,,,2008-10-02
8936654,골프장,1,2001,7,24,,,,,,2001-07-24
8936655,골프장,1,1998,8,24,,,,,,1998-08-24
8936656,골프장,1,1998,7,14,,,,,,1998-07-14
8936657,골프장,1,2005,6,30,,,,,,2005-06-30
8936658,골프장,1,2012,4,2,,,,,,2012-04-02
8936659,골프장,1,2013,3,27,,,,,,2013-03-27
8936660,골프장,1,2009,3,5,,,,,,2009-03-05
8936661,골프장,1,1996,8,10,,,,,,1996-08-10
8936662,골프장,1,1995,8,17,,,,,,1995-08-17
8936663,골프장,1,1992,4,20,,,,,,1992-04-20
8936664,골프장,1,2006,8,17,,,,,,2006-08-17
8936665,골프장,1,1999,12,9,,,,,,1999-12-09
8936666,골프장,1,2003,2,28,,,,,,2003-02-28
8936667,골프장,1,1997,3,25,,,,,,1997-03-25
8936668,골프장,1,2016,8,4,,,,,,2016-08-04
8936669,골프장,1,2014,6,17,,,,,,2014-06-17
8936670,골프장,1,2006,10,2,,,,,,2006-10-02
8936671,골프장,1,2014,4,18,,,,,,2014-04-18
8936672,골프장,1,2015,11,13,,,,,,2015-11-13
8936673,골프장,1,2011,3,30,,,,,,2011-03-30
8936674,골프장,1,2011,3,30,,,,,,2011-03-30
8936675,골프장,1,2007,2,22,,,,,,2007-02-22
8936676,골프장,1,1999,1,18,,,,,,1999-01-18
8936677,골프장,1,2014,10,14,,,,,,2014-10-14
8936678,골프장,1,2011,2,25,,,,,,2011-02-25
8936679,골프장,1,2019,10,21,,,,,,2019-10-21
8936680,골프장,1,2021,8,20,,,,,,2021-08-20
8936681,골프장,1,2019,10,31,,,,,,2019-10-31
8936682,골프장,1,2001,7,5,,,,,,2001-07-05
8936683,골프장,1,1987,10,21,,,,,,1987-10-21
8936684,골프장,1,2000,11,9,,,,,,2000-11-09
8936685,골프장,1,1999,7,1,,,,,,1999-07-01
8936686,골프장,1,1999,12,20,,,,,,1999-12-20
8936687,골프장,1,2006,3,16,,,,,,2006-03-16
8936688,골프장,1,2005,12,23,,,,,,2005-12-23
8936689,골프장,1,1993,3,17,,,,,,1993-03-17
8936690,골프장,1,2006,11,1,,,,,,2006-11-01
8936691,골프장,1,2009,1,15,,,,,,2009-01-15
8936692,골프장,1,2000,10,10,,,,,,2000-10-10
8936693,골프장,1,1992,8,4,,,,,,1992-08-04
8936694,골프장,1,1972,2,28,,,,,,1972-02-28
8936695,골프장,1,1996,12,4,,,,,,1996-12-04
8936696,골프장,1,1992,8,4,,,,,,1992-08-04
8936697,골프장,1,1991,8,3,,,,,,1991-08-03
8936698,골프장,1,2000,6,27,,,,,,2000-06-27
8936699,골프장,1,1997,5,8,,,,,,1997-05-08
8936700,골프장,1,1994,12,24,,,,,,1994-12-24
8936701,골프장,1,1993,12,11,,,,,,1993-12-11
8936702,골프장,1,1987,10,20,,,,,,1987-10-20
8936703,골프장,1,1987,10,24,,,,,,1987-10-24
8936704,골프장,1,2003,12,24,,,,,,2003-12-24
8936705,골프장,1,2001,10,30,,,,,,2001-10-30
8936706,골프장,1,2019,7,31,,,,,,2019-07-31
8936707,골프장,1,2014,2,21,,,,,,2014-02-21
8936708,골프장,1,1995,6,24,,,,,,1995-06-24
8936709,골프장,1,1976,5,18,,,,,,1976-05-18
8936710,골프장,1,2009,2,9,,,,,,2009-02-09
8936711,골프장,1,2010,4,12,,,,,,2010-04-12
8936712,골프장,0,1991,3,4,2019,5,2,28,2019-05-02,1991-03-04
8936713,골프장,1,2020,2,17,,,,,,2020-02-17
8936714,골프장,1,2020,7,3,,,,,,2020-07-03
8936715,골프장,1,2010,5,6,,,,,,2010-05-06
8936716,골프장,1,2010,12,30,,,,,,2010-12-30
8936717,골프장,1,2014,10,20,,,,,,2014-10-20
8936718,골프장,1,1992,9,1,,,,,,1992-09-01
8936719,골프장,1,1995,4,3,,,,,,1995-04-03
8936720,골프장,1,1999,3,9,,,,,,1999-03-09
8936721,골프장,1,1999,3,9,,,,,,1999-03-09
8936722,골프장,1,2004,6,25,,,,,,2004-06-25
8936723,골프장,1,1991,11,8,,,,,,1991-11-08
8936724,골프장,1,1994,11,14,,,,,,1994-11-14
8936725,골프장,1,2012,7,16,,,,,,2012-07-16
8936726,골프장,1,2019,9,6,,,,,,2019-09-06
8936727,골프장,1,2011,12,9,,,,,,2011-12-09
8936728,골프장,1,2012,6,13,,,,,,2012-06-13
8936729,골프장,1,1993,5,8,,,,,,1993-05-08
8936730,골프장,1,1995,3,27,,,,,,1995-03-27
8936731,골프장,1,1998,9,23,,,,,,1998-09-23
8936732,골프장,1,2000,5,31,,,,,,2000-05-31
8936733,골프장,1,2003,6,21,,,,,,2003-06-21
8936734,골프장,1,2004,2,26,,,,,,2004-02-26
8936735,골프장,1,2006,3,3,,,,,,2006-03-03
8936736,골프장,1,2006,9,29,,,,,,2006-09-29
8936737,골프장,1,1992,1,31,,,,,,1992-01-31
8936738,골프장,1,1992,2,21,,,,,,1992-02-21
8936739,골프장,1,1992,3,9,,,,,,1992-03-09
8936740,골프장,1,1992,8,14,,,,,,1992-08-14
8936741,골프장,1,1975,10,28,,,,,,1975-10-28
8936742,골프장,1,2021,4,16,,,,,,2021-04-16
8936743,골프장,1,2011,4,27,,,,,,2011-04-27
8936744,골프장,1,2009,10,7,,,,,,2009-10-07
8936745,골프장,1,2007,4,25,,,,,,2007-04-25
8936746,골프장,1,2014,5,1,,,,,,2014-05-01
8936747,골프장,1,2014,12,11,,,,,,2014-12-11
8936748,골프장,1,1999,1,15,,,,,,1999-01-15
8936749,골프장,1,1995,3,1,,,,,,1995-03-01
