,개방서비스명,영업상태(0=폐업),open_year,open_month,open_day,close_year,close_month,close_day,존속년도,폐업시기,개업시기
979712,관광유람선업,1,2014,3,6,,,,,,2014-03-06
979713,관광유람선업,1,2004,8,26,,,,,,2004-08-26
979714,관광유람선업,1,2018,8,1,,,,,,2018-08-01
979715,관광유람선업,1,2005,1,25,,,,,,2005-01-25
979716,관광유람선업,0,2008,6,17,2010,2,19,2,2010-02-19,2008-06-17
979717,관광유람선업,0,2010,3,5,2013,4,15,3,2013-04-15,2010-03-05
979718,관광유람선업,1,2021,3,10,,,,,,2021-03-10
979719,관광유람선업,0,2012,1,16,2014,8,29,2,2014-08-29,2012-01-16
979720,관광유람선업,1,2014,11,10,,,,,,2014-11-10
979721,관광유람선업,1,2020,10,28,,,,,,2020-10-28
979722,관광유람선업,1,2010,4,19,,,,,,2010-04-19
979723,관광유람선업,0,2006,8,4,2021,10,1,15,2021-10-01,2006-08-04
979724,관광유람선업,0,1998,12,30,2011,12,21,13,2011-12-21,1998-12-30
979725,관광유람선업,0,2008,6,12,2011,6,10,3,2011-06-10,2008-06-12
979726,관광유람선업,0,2009,9,9,2012,10,25,3,2012-10-25,2009-09-09
979727,관광유람선업,0,2005,3,7,2019,1,11,14,2019-01-11,2005-03-07
979728,관광유람선업,0,2005,7,7,2015,10,16,10,2015-10-16,2005-07-07
979729,관광유람선업,0,2012,11,2,2019,5,14,7,2019-05-14,2012-11-02
979730,관광유람선업,0,2005,3,7,2012,12,3,7,2012-12-03,2005-03-07
979731,관광유람선업,1,2014,9,24,,,,,,2014-09-24
979732,관광유람선업,1,2017,7,21,,,,,,2017-07-21
979733,관광유람선업,1,2015,10,30,,,,,,2015-10-30
979734,관광유람선업,0,2006,3,9,2012,2,7,6,2012-02-07,2006-03-09
979735,관광유람선업,0,2008,8,25,2016,12,31,8,2016-12-31,2008-08-25
979736,관광유람선업,0,2008,8,21,2016,12,31,8,2016-12-31,2008-08-21
979737,관광유람선업,1,2015,8,2,,,,,,2015-08-02
979738,관광유람선업,1,2009,10,23,,,,,,2009-10-23
979739,관광유람선업,0,2010,10,4,2015,7,21,5,2015-07-21,2010-10-04
979740,관광유람선업,1,2018,4,11,,,,,,2018-04-11
979741,관광유람선업,0,2015,11,4,2021,12,20,6,2021-12-20,2015-11-04
979742,관광유람선업,1,2011,12,8,,,,,,2011-12-08
979743,관광유람선업,0,2012,11,23,2015,11,3,3,2015-11-03,2012-11-23
979744,관광유람선업,0,2012,4,25,2012,6,8,0,2012-06-08,2012-04-25
979745,관광유람선업,1,2010,1,22,,,,,,2010-01-22
979746,관광유람선업,0,2011,8,16,2022,11,28,11,2022-11-28,2011-08-16
979747,관광유람선업,1,2005,10,5,,,,,,2005-10-05
979748,관광유람선업,1,2003,7,30,,,,,,2003-07-30
979749,관광유람선업,1,2010,5,10,,,,,,2010-05-10
979750,관광유람선업,0,2003,4,29,2014,4,23,11,2014-04-23,2003-04-29
979751,관광유람선업,0,2011,6,29,2015,4,21,4,2015-04-21,2011-06-29
979752,관광유람선업,1,2020,9,21,,,,,,2020-09-21
979753,관광유람선업,1,2021,1,18,,,,,,2021-01-18
979754,관광유람선업,0,2009,7,20,2010,10,30,1,2010-10-30,2009-07-20
979755,관광유람선업,1,2015,7,29,,,,,,2015-07-29
979756,관광유람선업,1,2009,7,20,,,,,,2009-07-20
979757,관광유람선업,1,2003,4,23,,,,,,2003-04-23
979758,관광유람선업,0,2011,5,4,2012,6,13,1,2012-06-13,2011-05-04
979759,관광유람선업,0,2005,7,6,2014,5,30,9,2014-05-30,2005-07-06
979760,관광유람선업,0,2010,2,25,2018,9,10,8,2018-09-10,2010-02-25
979761,관광유람선업,0,2016,6,1,2020,12,30,4,2020-12-30,2016-06-01
979762,관광유람선업,0,2010,11,4,2020,3,25,10,2020-03-25,2010-11-04
979763,관광유람선업,1,2006,12,8,,,,,,2006-12-08
979764,관광유람선업,1,2008,3,20,,,,,,2008-03-20
979765,관광유람선업,1,2021,3,26,,,,,,2021-03-26
979766,관광유람선업,1,2020,7,31,,,,,,2020-07-31
979767,관광유람선업,1,2011,11,28,,,,,,2011-11-28
979768,관광유람선업,0,2009,2,27,2015,4,10,6,2015-04-10,2009-02-27
979769,관광유람선업,1,2018,7,8,,,,,,2018-07-08
979770,관광유람선업,1,2015,8,20,,,,,,2015-08-20
979771,관광유람선업,1,2014,6,16,,,,,,2014-06-16
979772,관광유람선업,0,2000,5,1,2017,3,28,17,2017-03-28,2000-05-01
979773,관광유람선업,1,2018,4,11,,,,,,2018-04-11
979774,관광유람선업,1,2017,9,25,,,,,,2017-09-25
979775,관광유람선업,0,2014,3,14,2017,2,28,3,2017-02-28,2014-03-14
979776,관광유람선업,1,2015,5,1,,,,,,2015-05-01
979777,관광유람선업,0,2009,9,27,,,,,,2009-09-27
979778,관광유람선업,0,2009,3,12,,,,,,2009-03-12
979779,관광유람선업,0,2009,3,12,2011,5,23,2,2011-05-23,2009-03-12
979780,관광유람선업,1,2020,8,10,,,,,,2020-08-10
979781,관광유람선업,1,2009,9,25,,,,,,2009-09-25
979782,관광유람선업,0,2015,7,9,2022,1,24,7,2022-01-24,2015-07-09
979783,관광유람선업,0,2009,8,5,2022,6,21,13,2022-06-21,2009-08-05
979784,관광유람선업,1,2015,7,16,,,,,,2015-07-16
979785,관광유람선업,1,2011,10,15,,,,,,2011-10-15
979786,관광유람선업,1,2010,4,19,,,,,,2010-04-19
979787,관광유람선업,1,2006,6,1,,,,,,2006-06-01
979788,관광유람선업,1,2017,4,25,,,,,,2017-04-25
