,개방서비스명,영업상태(0=폐업),open_year,open_month,open_day,close_year,close_month,close_day,존속년도,폐업시기,개업시기
1087255,관광펜션업,0,2020,7,17,,,,,,2020-07-17
1087256,관광펜션업,0,2020,7,17,,,,,,2020-07-17
1087257,관광펜션업,1,2021,4,20,,,,,,2021-04-20
1087258,관광펜션업,0,2011,6,16,,,,,,2011-06-16
1087259,관광펜션업,0,2020,7,17,,,,,,2020-07-17
1087260,관광펜션업,0,2010,8,31,2017,7,31,7,2017-07-31,2010-08-31
1087261,관광펜션업,1,2018,10,4,,,,,,2018-10-04
1087262,관광펜션업,1,2019,12,2,,,,,,2019-12-02
1087263,관광펜션업,1,2010,11,23,,,,,,2010-11-23
1087264,관광펜션업,1,2007,6,15,,,,,,2007-06-15
1087265,관광펜션업,1,2004,7,15,,,,,,2004-07-15
1087266,관광펜션업,0,2009,8,6,2015,2,9,6,2015-02-09,2009-08-06
1087267,관광펜션업,0,2010,10,10,2019,8,1,9,2019-08-01,2010-10-10
1087268,관광펜션업,1,2022,12,29,,,,,,2022-12-29
1087269,관광펜션업,1,2019,1,17,,,,,,2019-01-17
1087270,관광펜션업,1,2018,1,3,,,,,,2018-01-03
1087271,관광펜션업,1,2021,4,12,,,,,,2021-04-12
1087272,관광펜션업,1,2021,4,12,,,,,,2021-04-12
1087273,관광펜션업,1,2021,4,5,,,,,,2021-04-05
1087274,관광펜션업,0,2018,12,27,2019,11,19,1,2019-11-19,2018-12-27
1087275,관광펜션업,1,2004,8,16,,,,,,2004-08-16
1087276,관광펜션업,1,2017,3,27,,,,,,2017-03-27
1087277,관광펜션업,1,2022,7,27,,,,,,2022-07-27
1087278,관광펜션업,1,2012,7,2,,,,,,2012-07-02
1087279,관광펜션업,1,2015,4,7,,,,,,2015-04-07
1087280,관광펜션업,1,2021,4,5,,,,,,2021-04-05
1087281,관광펜션업,1,2016,12,27,,,,,,2016-12-27
1087282,관광펜션업,1,2015,11,18,,,,,,2015-11-18
1087283,관광펜션업,1,2021,5,11,,,,,,2021-05-11
1087284,관광펜션업,1,2021,12,2,,,,,,2021-12-02
1087285,관광펜션업,1,2018,8,31,,,,,,2018-08-31
1087286,관광펜션업,1,2020,1,22,,,,,,2020-01-22
1087287,관광펜션업,1,2017,9,29,,,,,,2017-09-29
1087288,관광펜션업,1,2017,5,16,,,,,,2017-05-16
1087289,관광펜션업,1,2017,4,11,,,,,,2017-04-11
1087290,관광펜션업,1,2016,5,18,,,,,,2016-05-18
1087291,관광펜션업,0,2014,7,21,2015,10,20,1,2015-10-20,2014-07-21
1087292,관광펜션업,1,2019,11,29,,,,,,2019-11-29
1087293,관광펜션업,0,2014,12,15,2022,4,4,8,2022-04-04,2014-12-15
1087294,관광펜션업,0,2017,1,18,,,,,,2017-01-18
1087295,관광펜션업,1,2015,11,5,,,,,,2015-11-05
1087296,관광펜션업,1,2015,5,12,,,,,,2015-05-12
1087297,관광펜션업,1,2019,11,29,,,,,,2019-11-29
1087298,관광펜션업,0,2015,1,6,,,,,,2015-01-06
1087299,관광펜션업,1,2016,12,20,,,,,,2016-12-20
1087300,관광펜션업,0,2012,4,18,2018,7,5,6,2018-07-05,2012-04-18
1087301,관광펜션업,1,2022,10,13,,,,,,2022-10-13
1087302,관광펜션업,1,2020,4,6,,,,,,2020-04-06
1087303,관광펜션업,1,2019,10,4,,,,,,2019-10-04
1087304,관광펜션업,1,2018,1,23,,,,,,2018-01-23
1087305,관광펜션업,1,2018,12,13,,,,,,2018-12-13
1087306,관광펜션업,0,2016,3,14,2018,1,26,2,2018-01-26,2016-03-14
1087307,관광펜션업,1,2009,9,7,,,,,,2009-09-07
1087308,관광펜션업,1,2022,12,6,,,,,,2022-12-06
1087309,관광펜션업,1,2018,3,28,,,,,,2018-03-28
1087310,관광펜션업,0,2010,7,21,,,,,,2010-07-21
1087311,관광펜션업,1,2010,8,5,,,,,,2010-08-05
1087312,관광펜션업,0,2021,3,8,2021,11,8,0,2021-11-08,2021-03-08
1087313,관광펜션업,0,2009,5,6,2018,6,14,9,2018-06-14,2009-05-06
1087314,관광펜션업,1,2012,10,11,,,,,,2012-10-11
1087315,관광펜션업,1,2017,3,9,,,,,,2017-03-09
1087316,관광펜션업,1,2017,9,14,,,,,,2017-09-14
1087317,관광펜션업,1,2018,1,19,,,,,,2018-01-19
1087318,관광펜션업,0,2018,7,23,2021,1,22,3,2021-01-22,2018-07-23
1087319,관광펜션업,1,2022,8,26,,,,,,2022-08-26
1087320,관광펜션업,0,2014,6,16,2017,9,7,3,2017-09-07,2014-06-16
1087321,관광펜션업,1,2020,12,1,,,,,,2020-12-01
1087322,관광펜션업,0,2014,2,4,2017,9,13,3,2017-09-13,2014-02-04
1087323,관광펜션업,1,2022,6,27,,,,,,2022-06-27
1087324,관광펜션업,0,2012,12,10,2017,9,14,5,2017-09-14,2012-12-10
1087325,관광펜션업,0,2012,9,28,2017,1,25,5,2017-01-25,2012-09-28
1087326,관광펜션업,1,2005,8,17,,,,,,2005-08-17
1087327,관광펜션업,0,2010,11,19,2017,9,19,7,2017-09-19,2010-11-19
1087328,관광펜션업,0,2010,3,11,2015,7,15,5,2015-07-15,2010-03-11
1087329,관광펜션업,1,2006,10,16,,,,,,2006-10-16
1087330,관광펜션업,1,2022,12,13,,,,,,2022-12-13
1087331,관광펜션업,0,2009,5,6,2018,6,14,9,2018-06-14,2009-05-06
1087332,관광펜션업,1,2012,9,4,,,,,,2012-09-04
1087333,관광펜션업,1,2019,5,16,,,,,,2019-05-16
1087334,관광펜션업,1,2020,3,25,,,,,,2020-03-25
1087335,관광펜션업,1,2009,12,24,,,,,,2009-12-24
1087336,관광펜션업,1,2020,7,29,,,,,,2020-07-29
1087337,관광펜션업,1,2021,10,19,,,,,,2021-10-19
1087338,관광펜션업,1,2010,6,4,,,,,,2010-06-04
1087339,관광펜션업,0,2011,2,21,2020,2,10,9,2020-02-10,2011-02-21
1087340,관광펜션업,0,2005,6,17,2020,7,17,15,2020-07-17,2005-06-17
1087341,관광펜션업,0,2012,12,12,2020,4,14,8,2020-04-14,2012-12-12
1087342,관광펜션업,0,2005,4,28,2020,7,24,15,2020-07-24,2005-04-28
1087343,관광펜션업,1,2016,4,20,,,,,,2016-04-20
1087344,관광펜션업,1,2004,10,29,,,,,,2004-10-29
1087345,관광펜션업,0,2020,3,6,2021,4,15,1,2021-04-15,2020-03-06
1087346,관광펜션업,0,2010,8,3,2017,10,27,7,2017-10-27,2010-08-03
1087347,관광펜션업,0,2014,10,20,2017,11,16,3,2017-11-16,2014-10-20
1087348,관광펜션업,1,2019,7,10,,,,,,2019-07-10
1087349,관광펜션업,1,2020,9,10,,,,,,2020-09-10
1087350,관광펜션업,1,2021,10,13,,,,,,2021-10-13
1087351,관광펜션업,1,2022,6,15,,,,,,2022-06-15
1087352,관광펜션업,1,2021,1,21,,,,,,2021-01-21
1087353,관광펜션업,1,2020,6,29,,,,,,2020-06-29
1087354,관광펜션업,0,2020,3,5,2021,8,10,1,2021-08-10,2020-03-05
1087355,관광펜션업,1,2008,8,1,,,,,,2008-08-01
1087356,관광펜션업,1,2020,5,25,,,,,,2020-05-25
1087357,관광펜션업,1,2022,8,23,,,,,,2022-08-23
1087358,관광펜션업,1,2021,9,30,,,,,,2021-09-30
1087359,관광펜션업,1,2022,2,9,,,,,,2022-02-09
1087360,관광펜션업,1,2022,4,28,,,,,,2022-04-28
1087361,관광펜션업,1,2019,10,23,,,,,,2019-10-23
1087362,관광펜션업,0,2004,8,2,2015,4,2,11,2015-04-02,2004-08-02
1087363,관광펜션업,1,2020,9,14,,,,,,2020-09-14
1087364,관광펜션업,1,2022,2,23,,,,,,2022-02-23
1087365,관광펜션업,1,2022,8,3,,,,,,2022-08-03
1087366,관광펜션업,0,2012,3,29,2014,11,10,2,2014-11-10,2012-03-29
1087367,관광펜션업,1,2021,6,10,,,,,,2021-06-10
1087368,관광펜션업,1,2015,6,11,,,,,,2015-06-11
1087369,관광펜션업,1,2010,11,3,,,,,,2010-11-03
1087370,관광펜션업,1,2005,1,12,,,,,,2005-01-12
1087371,관광펜션업,1,2021,11,15,,,,,,2021-11-15
1087372,관광펜션업,1,2021,11,15,,,,,,2021-11-15
1087373,관광펜션업,0,2003,12,18,2014,8,15,11,2014-08-15,2003-12-18
1087374,관광펜션업,0,2009,6,11,2014,7,8,5,2014-07-08,2009-06-11
1087375,관광펜션업,0,2011,1,12,2015,1,7,4,2015-01-07,2011-01-12
1087376,관광펜션업,1,2020,1,10,,,,,,2020-01-10
1087377,관광펜션업,1,2021,6,11,,,,,,2021-06-11
1087378,관광펜션업,1,2022,11,9,,,,,,2022-11-09
1087379,관광펜션업,0,2017,9,1,,,,,,2017-09-01
1087380,관광펜션업,0,2017,8,31,,,,,,2017-08-31
1087381,관광펜션업,0,2017,8,9,,,,,,2017-08-09
1087382,관광펜션업,0,2017,8,9,,,,,,2017-08-09
1087383,관광펜션업,0,2017,7,27,,,,,,2017-07-27
1087384,관광펜션업,0,2017,7,21,,,,,,2017-07-21
1087385,관광펜션업,0,2017,7,20,,,,,,2017-07-20
1087386,관광펜션업,0,2016,8,8,,,,,,2016-08-08
1087387,관광펜션업,0,2017,9,1,,,,,,2017-09-01
1087388,관광펜션업,0,2018,5,8,2019,1,28,1,2019-01-28,2018-05-08
1087389,관광펜션업,1,2017,5,25,,,,,,2017-05-25
1087390,관광펜션업,1,2018,6,18,,,,,,2018-06-18
1087391,관광펜션업,1,2014,9,3,,,,,,2014-09-03
1087392,관광펜션업,1,2021,12,31,,,,,,2021-12-31
1087393,관광펜션업,1,2005,1,31,,,,,,2005-01-31
1087394,관광펜션업,1,2005,9,26,,,,,,2005-09-26
1087395,관광펜션업,1,2006,2,15,,,,,,2006-02-15
1087396,관광펜션업,1,2004,6,21,,,,,,2004-06-21
1087397,관광펜션업,1,2006,7,4,,,,,,2006-07-04
1087398,관광펜션업,1,2007,11,27,,,,,,2007-11-27
1087399,관광펜션업,1,2011,11,15,,,,,,2011-11-15
1087400,관광펜션업,1,2012,5,24,,,,,,2012-05-24
1087401,관광펜션업,0,2013,10,14,2015,9,15,2,2015-09-15,2013-10-14
1087402,관광펜션업,0,2017,11,22,2018,6,1,1,2018-06-01,2017-11-22
1087403,관광펜션업,0,2013,10,30,2019,3,6,6,2019-03-06,2013-10-30
1087404,관광펜션업,0,2015,2,3,2022,11,15,7,2022-11-15,2015-02-03
1087405,관광펜션업,0,2015,4,27,2022,1,25,7,2022-01-25,2015-04-27
1087406,관광펜션업,0,2016,2,24,2021,6,30,5,2021-06-30,2016-02-24
1087407,관광펜션업,0,2016,2,24,2021,6,30,5,2021-06-30,2016-02-24
1087408,관광펜션업,0,2004,8,3,2015,4,13,11,2015-04-13,2004-08-03
1087409,관광펜션업,0,2004,4,30,2015,4,23,11,2015-04-23,2004-04-30
1087410,관광펜션업,0,2007,6,27,2017,8,31,10,2017-08-31,2007-06-27
1087411,관광펜션업,0,2010,3,25,2016,3,24,6,2016-03-24,2010-03-25
1087412,관광펜션업,0,2012,6,27,2018,6,1,6,2018-06-01,2012-06-27
1087413,관광펜션업,1,2022,8,10,,,,,,2022-08-10
1087414,관광펜션업,1,2018,12,7,,,,,,2018-12-07
1087415,관광펜션업,1,2018,12,7,,,,,,2018-12-07
1087416,관광펜션업,1,2018,12,7,,,,,,2018-12-07
1087417,관광펜션업,1,2013,6,15,,,,,,2013-06-15
1087418,관광펜션업,1,2017,10,20,,,,,,2017-10-20
1087419,관광펜션업,1,2015,5,28,,,,,,2015-05-28
1087420,관광펜션업,1,2016,6,2,,,,,,2016-06-02
1087421,관광펜션업,1,2016,8,19,,,,,,2016-08-19
1087422,관광펜션업,1,2012,7,30,,,,,,2012-07-30
1087423,관광펜션업,1,2021,4,30,,,,,,2021-04-30
1087424,관광펜션업,1,2022,11,9,,,,,,2022-11-09
1087425,관광펜션업,1,2022,11,9,,,,,,2022-11-09
1087426,관광펜션업,1,2019,12,5,,,,,,2019-12-05
1087427,관광펜션업,1,2019,12,5,,,,,,2019-12-05
1087428,관광펜션업,1,2019,12,5,,,,,,2019-12-05
1087429,관광펜션업,1,2019,12,5,,,,,,2019-12-05
1087430,관광펜션업,1,2019,12,5,,,,,,2019-12-05
1087431,관광펜션업,1,2022,3,14,,,,,,2022-03-14
1087432,관광펜션업,1,2008,1,28,,,,,,2008-01-28
1087433,관광펜션업,0,2010,1,19,,,,,,2010-01-19
1087434,관광펜션업,0,2010,2,4,,,,,,2010-02-04
1087435,관광펜션업,0,2006,9,18,2014,2,18,8,2014-02-18,2006-09-18
1087436,관광펜션업,0,2004,7,21,,,,,,2004-07-21
1087437,관광펜션업,0,2017,8,10,,,,,,2017-08-10
1087438,관광펜션업,1,2006,10,17,,,,,,2006-10-17
1087439,관광펜션업,0,2017,9,17,,,,,,2017-09-17
1087440,관광펜션업,0,2018,6,15,,,,,,2018-06-15
1087441,관광펜션업,1,2019,3,20,,,,,,2019-03-20
1087442,관광펜션업,0,2008,5,13,2015,9,18,7,2015-09-18,2008-05-13
1087443,관광펜션업,0,2007,12,28,2016,4,19,9,2016-04-19,2007-12-28
1087444,관광펜션업,0,2005,5,23,2014,7,7,9,2014-07-07,2005-05-23
1087445,관광펜션업,0,2004,4,28,2016,1,7,12,2016-01-07,2004-04-28
1087446,관광펜션업,0,2014,6,3,2017,1,19,3,2017-01-19,2014-06-03
1087447,관광펜션업,0,2012,11,16,2014,11,7,2,2014-11-07,2012-11-16
1087448,관광펜션업,0,2010,11,22,2016,4,20,6,2016-04-20,2010-11-22
1087449,관광펜션업,1,2021,2,4,,,,,,2021-02-04
1087450,관광펜션업,1,2012,8,6,,,,,,2012-08-06
1087451,관광펜션업,1,2009,3,26,,,,,,2009-03-26
1087452,관광펜션업,1,2008,4,29,,,,,,2008-04-29
1087453,관광펜션업,1,2008,1,10,,,,,,2008-01-10
1087454,관광펜션업,1,2006,12,13,,,,,,2006-12-13
1087455,관광펜션업,1,2006,2,1,,,,,,2006-02-01
1087456,관광펜션업,0,2006,2,7,,,,,,2006-02-07
1087457,관광펜션업,0,2004,12,15,,,,,,2004-12-15
1087458,관광펜션업,0,2004,12,7,,,,,,2004-12-07
1087459,관광펜션업,0,2010,12,21,,,,,,2010-12-21
1087460,관광펜션업,0,2004,8,16,,,,,,2004-08-16
1087461,관광펜션업,0,2004,5,12,,,,,,2004-05-12
1087462,관광펜션업,1,2006,6,19,,,,,,2006-06-19
1087463,관광펜션업,1,2017,2,17,,,,,,2017-02-17
1087464,관광펜션업,0,2007,12,5,,,,,,2007-12-05
1087465,관광펜션업,1,2017,2,27,,,,,,2017-02-27
1087466,관광펜션업,0,2017,2,14,2021,7,12,4,2021-07-12,2017-02-14
1087467,관광펜션업,0,2004,6,21,2017,11,8,13,2017-11-08,2004-06-21
1087468,관광펜션업,0,2004,9,24,2013,1,28,9,2013-01-28,2004-09-24
1087469,관광펜션업,0,2008,5,8,2019,4,10,11,2019-04-10,2008-05-08
1087470,관광펜션업,0,2017,2,17,2017,12,18,0,2017-12-18,2017-02-17
1087471,관광펜션업,1,2017,8,18,,,,,,2017-08-18
1087472,관광펜션업,1,2018,5,17,,,,,,2018-05-17
1087473,관광펜션업,1,2018,5,17,,,,,,2018-05-17
1087474,관광펜션업,1,2016,3,7,,,,,,2016-03-07
1087475,관광펜션업,1,2012,10,4,,,,,,2012-10-04
1087476,관광펜션업,1,2018,7,23,,,,,,2018-07-23
1087477,관광펜션업,1,2018,7,23,,,,,,2018-07-23
1087478,관광펜션업,1,2022,8,11,,,,,,2022-08-11
1087479,관광펜션업,0,2011,10,10,2019,7,10,8,2019-07-10,2011-10-10
1087480,관광펜션업,1,2019,2,13,,,,,,2019-02-13
1087481,관광펜션업,1,2006,3,31,,,,,,2006-03-31
1087482,관광펜션업,1,2006,3,31,,,,,,2006-03-31
1087483,관광펜션업,1,2012,11,23,,,,,,2012-11-23
1087484,관광펜션업,1,2008,11,19,,,,,,2008-11-19
1087485,관광펜션업,1,2007,1,9,,,,,,2007-01-09
1087486,관광펜션업,1,2005,8,29,,,,,,2005-08-29
1087487,관광펜션업,0,2012,7,17,2016,4,27,4,2016-04-27,2012-07-17
1087488,관광펜션업,1,2019,7,12,,,,,,2019-07-12
1087489,관광펜션업,1,2018,3,19,,,,,,2018-03-19
1087490,관광펜션업,1,2018,2,28,,,,,,2018-02-28
1087491,관광펜션업,1,2013,12,19,,,,,,2013-12-19
1087492,관광펜션업,1,2013,11,7,,,,,,2013-11-07
1087493,관광펜션업,1,2021,9,30,,,,,,2021-09-30
1087494,관광펜션업,1,2015,2,11,,,,,,2015-02-11
1087495,관광펜션업,1,2022,5,6,,,,,,2022-05-06
1087496,관광펜션업,1,2022,6,27,,,,,,2022-06-27
1087497,관광펜션업,0,2004,12,14,,,,,,2004-12-14
1087498,관광펜션업,0,2010,6,3,,,,,,2010-06-03
1087499,관광펜션업,1,2013,5,28,,,,,,2013-05-28
1087500,관광펜션업,1,2017,4,17,,,,,,2017-04-17
1087501,관광펜션업,1,2018,1,16,,,,,,2018-01-16
1087502,관광펜션업,1,2007,7,19,,,,,,2007-07-19
1087503,관광펜션업,1,2008,4,29,,,,,,2008-04-29
1087504,관광펜션업,1,2010,8,10,,,,,,2010-08-10
1087505,관광펜션업,1,2020,7,30,,,,,,2020-07-30
1087506,관광펜션업,1,2019,11,27,,,,,,2019-11-27
1087507,관광펜션업,1,2022,2,11,,,,,,2022-02-11
1087508,관광펜션업,1,2020,1,10,,,,,,2020-01-10
1087509,관광펜션업,1,2011,5,27,,,,,,2011-05-27
1087510,관광펜션업,1,2011,9,16,,,,,,2011-09-16
1087511,관광펜션업,1,2012,4,4,,,,,,2012-04-04
1087512,관광펜션업,0,2006,4,17,2015,1,8,9,2015-01-08,2006-04-17
1087513,관광펜션업,0,2010,9,7,2016,1,8,6,2016-01-08,2010-09-07
1087514,관광펜션업,0,2011,8,22,2015,4,27,4,2015-04-27,2011-08-22
1087515,관광펜션업,0,2006,4,17,2018,6,12,12,2018-06-12,2006-04-17
1087516,관광펜션업,1,2018,5,28,,,,,,2018-05-28
1087517,관광펜션업,0,2017,7,4,,,,,,2017-07-04
1087518,관광펜션업,0,2009,7,7,2018,6,11,9,2018-06-11,2009-07-07
1087519,관광펜션업,0,2003,12,3,2006,8,8,3,2006-08-08,2003-12-03
1087520,관광펜션업,0,2009,7,9,2018,6,11,9,2018-06-11,2009-07-09
1087521,관광펜션업,0,2009,7,9,2018,6,11,9,2018-06-11,2009-07-09
1087522,관광펜션업,0,2009,7,9,,,,,,2009-07-09
1087523,관광펜션업,0,2009,7,9,,,,,,2009-07-09
1087524,관광펜션업,0,2009,7,9,,,,,,2009-07-09
1087525,관광펜션업,0,2009,7,9,,,,,,2009-07-09
1087526,관광펜션업,1,2021,3,19,,,,,,2021-03-19
1087527,관광펜션업,1,2015,12,7,,,,,,2015-12-07
1087528,관광펜션업,1,2019,5,16,,,,,,2019-05-16
1087529,관광펜션업,0,2009,7,7,2013,10,11,4,2013-10-11,2009-07-07
1087530,관광펜션업,0,2009,7,7,2018,6,11,9,2018-06-11,2009-07-07
1087531,관광펜션업,0,2009,7,7,2018,6,11,9,2018-06-11,2009-07-07
1087532,관광펜션업,0,2009,7,7,2018,6,11,9,2018-06-11,2009-07-07
1087533,관광펜션업,1,2009,7,7,,,,,,2009-07-07
1087534,관광펜션업,1,2022,1,14,,,,,,2022-01-14
1087535,관광펜션업,0,2004,10,19,2020,2,11,16,2020-02-11,2004-10-19
1087536,관광펜션업,0,2003,12,3,2014,6,9,11,2014-06-09,2003-12-03
1087537,관광펜션업,1,2016,2,19,,,,,,2016-02-19
1087538,관광펜션업,0,2005,4,15,2016,11,9,11,2016-11-09,2005-04-15
1087539,관광펜션업,0,2004,6,25,2013,10,18,9,2013-10-18,2004-06-25
1087540,관광펜션업,0,2003,12,3,,,,,,2003-12-03
1087541,관광펜션업,0,2003,11,13,,,,,,2003-11-13
1087542,관광펜션업,1,2021,3,14,,,,,,2021-03-14
1087543,관광펜션업,1,2021,3,16,,,,,,2021-03-16
1087544,관광펜션업,1,2018,9,28,,,,,,2018-09-28
1087545,관광펜션업,1,2018,9,28,,,,,,2018-09-28
1087546,관광펜션업,1,2015,11,11,,,,,,2015-11-11
1087547,관광펜션업,1,2020,2,25,,,,,,2020-02-25
1087548,관광펜션업,1,2020,2,25,,,,,,2020-02-25
1087549,관광펜션업,1,2020,3,9,,,,,,2020-03-09
1087550,관광펜션업,1,2015,11,11,,,,,,2015-11-11
1087551,관광펜션업,1,2018,9,28,,,,,,2018-09-28
1087552,관광펜션업,0,2012,2,10,2020,7,17,8,2020-07-17,2012-02-10
1087553,관광펜션업,0,2012,11,12,2018,2,9,6,2018-02-09,2012-11-12
1087554,관광펜션업,0,2012,11,27,2014,1,22,2,2014-01-22,2012-11-27
1087555,관광펜션업,0,2012,12,20,2017,9,15,5,2017-09-15,2012-12-20
1087556,관광펜션업,0,2013,5,28,2019,6,18,6,2019-06-18,2013-05-28
1087557,관광펜션업,0,2013,7,1,2022,2,21,9,2022-02-21,2013-07-01
1087558,관광펜션업,0,2013,7,5,2020,4,29,7,2020-04-29,2013-07-05
1087559,관광펜션업,0,2019,10,8,2020,5,25,1,2020-05-25,2019-10-08
1087560,관광펜션업,1,2018,10,26,,,,,,2018-10-26
1087561,관광펜션업,1,2020,6,2,,,,,,2020-06-02
1087562,관광펜션업,1,2020,8,7,,,,,,2020-08-07
1087563,관광펜션업,1,2019,7,29,,,,,,2019-07-29
1087564,관광펜션업,1,2019,9,6,,,,,,2019-09-06
1087565,관광펜션업,1,2019,8,6,,,,,,2019-08-06
1087566,관광펜션업,1,2019,7,5,,,,,,2019-07-05
1087567,관광펜션업,1,2019,7,5,,,,,,2019-07-05
1087568,관광펜션업,1,2019,12,26,,,,,,2019-12-26
1087569,관광펜션업,1,2019,11,19,,,,,,2019-11-19
1087570,관광펜션업,1,2020,3,6,,,,,,2020-03-06
1087571,관광펜션업,1,2018,7,30,,,,,,2018-07-30
1087572,관광펜션업,1,2018,7,31,,,,,,2018-07-31
1087573,관광펜션업,1,2019,3,5,,,,,,2019-03-05
1087574,관광펜션업,1,2015,6,18,,,,,,2015-06-18
1087575,관광펜션업,1,2009,12,28,,,,,,2009-12-28
1087576,관광펜션업,1,2010,10,20,,,,,,2010-10-20
1087577,관광펜션업,1,2011,3,14,,,,,,2011-03-14
1087578,관광펜션업,1,2011,7,20,,,,,,2011-07-20
1087579,관광펜션업,1,2011,12,7,,,,,,2011-12-07
1087580,관광펜션업,1,2012,7,17,,,,,,2012-07-17
1087581,관광펜션업,1,2012,7,17,,,,,,2012-07-17
1087582,관광펜션업,1,2012,11,21,,,,,,2012-11-21
1087583,관광펜션업,1,2013,5,15,,,,,,2013-05-15
1087584,관광펜션업,1,2012,11,21,,,,,,2012-11-21
1087585,관광펜션업,1,2013,7,1,,,,,,2013-07-01
1087586,관광펜션업,1,2013,7,2,,,,,,2013-07-02
1087587,관광펜션업,1,2014,7,16,,,,,,2014-07-16
1087588,관광펜션업,1,2014,8,13,,,,,,2014-08-13
1087589,관광펜션업,1,2014,8,25,,,,,,2014-08-25
1087590,관광펜션업,1,2015,4,6,,,,,,2015-04-06
1087591,관광펜션업,1,2015,4,6,,,,,,2015-04-06
1087592,관광펜션업,1,2015,5,6,,,,,,2015-05-06
1087593,관광펜션업,1,2015,6,19,,,,,,2015-06-19
1087594,관광펜션업,1,2015,6,19,,,,,,2015-06-19
1087595,관광펜션업,1,2015,6,19,,,,,,2015-06-19
1087596,관광펜션업,1,2015,6,25,,,,,,2015-06-25
1087597,관광펜션업,1,2016,8,19,,,,,,2016-08-19
1087598,관광펜션업,1,2018,6,7,,,,,,2018-06-07
1087599,관광펜션업,1,2018,7,24,,,,,,2018-07-24
1087600,관광펜션업,1,2015,6,18,,,,,,2015-06-18
1087601,관광펜션업,0,2015,7,1,2022,11,24,7,2022-11-24,2015-07-01
1087602,관광펜션업,0,2016,6,29,2017,9,12,1,2017-09-12,2016-06-29
1087603,관광펜션업,0,2017,8,7,2019,1,9,2,2019-01-09,2017-08-07
1087604,관광펜션업,0,2004,4,3,2020,4,29,16,2020-04-29,2004-04-03
1087605,관광펜션업,0,2010,5,18,2018,7,27,8,2018-07-27,2010-05-18
1087606,관광펜션업,0,2010,8,18,2019,1,2,9,2019-01-02,2010-08-18
1087607,관광펜션업,0,2011,3,14,2020,5,15,9,2020-05-15,2011-03-14
1087608,관광펜션업,0,2011,7,6,2022,10,14,11,2022-10-14,2011-07-06
1087609,관광펜션업,1,2011,9,30,,,,,,2011-09-30
1087610,관광펜션업,1,2017,6,7,,,,,,2017-06-07
1087611,관광펜션업,0,2017,6,7,2020,1,31,3,2020-01-31,2017-06-07
1087612,관광펜션업,0,2012,5,31,2014,11,26,2,2014-11-26,2012-05-31
1087613,관광펜션업,1,2021,5,28,,,,,,2021-05-28
1087614,관광펜션업,1,2015,7,10,,,,,,2015-07-10
1087615,관광펜션업,0,2019,4,29,2021,12,13,2,2021-12-13,2019-04-29
1087616,관광펜션업,1,2021,7,23,,,,,,2021-07-23
1087617,관광펜션업,0,2011,8,12,2020,1,28,9,2020-01-28,2011-08-12
1087618,관광펜션업,1,2022,1,17,,,,,,2022-01-17
1087619,관광펜션업,0,2012,11,1,2013,9,30,1,2013-09-30,2012-11-01
1087620,관광펜션업,0,2012,6,12,2019,4,11,7,2019-04-11,2012-06-12
1087621,관광펜션업,0,2010,9,1,2014,12,11,4,2014-12-11,2010-09-01
1087622,관광펜션업,0,2010,10,15,2014,9,16,4,2014-09-16,2010-10-15
1087623,관광펜션업,0,2011,9,7,2021,2,1,10,2021-02-01,2011-09-07
1087624,관광펜션업,0,2010,8,3,2015,11,3,5,2015-11-03,2010-08-03
1087625,관광펜션업,0,2007,10,11,,,,,,2007-10-11
1087626,관광펜션업,1,2018,10,26,,,,,,2018-10-26
1087627,관광펜션업,1,2018,10,26,,,,,,2018-10-26
1087628,관광펜션업,1,2018,10,26,,,,,,2018-10-26
1087629,관광펜션업,1,2022,8,10,,,,,,2022-08-10
1087630,관광펜션업,0,2018,1,24,,,,,,2018-01-24
1087631,관광펜션업,0,2013,9,17,,,,,,2013-09-17
1087632,관광펜션업,0,2011,10,28,,,,,,2011-10-28
1087633,관광펜션업,1,2018,9,8,,,,,,2018-09-08
1087634,관광펜션업,1,2020,10,20,,,,,,2020-10-20
1087635,관광펜션업,1,2020,10,20,,,,,,2020-10-20
1087636,관광펜션업,1,2020,11,16,,,,,,2020-11-16
1087637,관광펜션업,1,2021,4,12,,,,,,2021-04-12
1087638,관광펜션업,1,2019,7,25,,,,,,2019-07-25
1087639,관광펜션업,1,2022,2,3,,,,,,2022-02-03
1087640,관광펜션업,1,2020,3,24,,,,,,2020-03-24
1087641,관광펜션업,1,2020,3,9,,,,,,2020-03-09
1087642,관광펜션업,1,2008,6,12,,,,,,2008-06-12
1087643,관광펜션업,1,2008,6,12,,,,,,2008-06-12
1087644,관광펜션업,1,2009,5,29,,,,,,2009-05-29
1087645,관광펜션업,1,2010,5,11,,,,,,2010-05-11
1087646,관광펜션업,1,2010,7,27,,,,,,2010-07-27
1087647,관광펜션업,1,2010,8,5,,,,,,2010-08-05
1087648,관광펜션업,1,2006,6,12,,,,,,2006-06-12
1087649,관광펜션업,1,2008,1,15,,,,,,2008-01-15
1087650,관광펜션업,1,2008,2,20,,,,,,2008-02-20
1087651,관광펜션업,1,2008,5,29,,,,,,2008-05-29
1087652,관광펜션업,1,2010,8,5,,,,,,2010-08-05
1087653,관광펜션업,1,2010,8,6,,,,,,2010-08-06
1087654,관광펜션업,1,2008,5,29,,,,,,2008-05-29
1087655,관광펜션업,1,2012,8,22,,,,,,2012-08-22
1087656,관광펜션업,1,2012,5,17,,,,,,2012-05-17
1087657,관광펜션업,1,2014,7,8,,,,,,2014-07-08
1087658,관광펜션업,1,2010,8,17,,,,,,2010-08-17
1087659,관광펜션업,1,2010,12,2,,,,,,2010-12-02
1087660,관광펜션업,1,2010,12,6,,,,,,2010-12-06
1087661,관광펜션업,1,2011,2,22,,,,,,2011-02-22
1087662,관광펜션업,1,2011,7,11,,,,,,2011-07-11
1087663,관광펜션업,1,2011,9,23,,,,,,2011-09-23
1087664,관광펜션업,1,2012,5,25,,,,,,2012-05-25
1087665,관광펜션업,0,2021,9,17,2021,11,29,0,2021-11-29,2021-09-17
1087666,관광펜션업,0,2021,4,26,2022,1,19,1,2022-01-19,2021-04-26
1087667,관광펜션업,1,2006,11,14,,,,,,2006-11-14
1087668,관광펜션업,1,2008,6,12,,,,,,2008-06-12
1087669,관광펜션업,1,2008,12,23,,,,,,2008-12-23
1087670,관광펜션업,1,2008,12,4,,,,,,2008-12-04
1087671,관광펜션업,0,2007,10,11,,,,,,2007-10-11
1087672,관광펜션업,0,2007,2,27,2014,12,9,7,2014-12-09,2007-02-27
1087673,관광펜션업,0,2008,9,17,2020,11,5,12,2020-11-05,2008-09-17
1087674,관광펜션업,0,2009,1,16,2017,1,13,8,2017-01-13,2009-01-16
1087675,관광펜션업,0,2009,5,14,2017,3,31,8,2017-03-31,2009-05-14
1087676,관광펜션업,0,2009,1,16,2017,9,18,8,2017-09-18,2009-01-16
1087677,관광펜션업,0,2010,6,8,2019,5,16,9,2019-05-16,2010-06-08
1087678,관광펜션업,0,2007,2,27,2014,12,9,7,2014-12-09,2007-02-27
1087679,관광펜션업,0,2017,8,28,2019,5,16,2,2019-05-16,2017-08-28
1087680,관광펜션업,0,2018,5,27,2020,2,10,2,2020-02-10,2018-05-27
1087681,관광펜션업,1,2021,9,2,,,,,,2021-09-02
1087682,관광펜션업,1,2021,6,10,,,,,,2021-06-10
1087683,관광펜션업,0,2018,1,23,,,,,,2018-01-23
1087684,관광펜션업,1,2016,3,17,,,,,,2016-03-17
1087685,관광펜션업,0,2017,12,20,2022,3,25,5,2022-03-25,2017-12-20
1087686,관광펜션업,1,2014,3,21,,,,,,2014-03-21
1087687,관광펜션업,1,2014,3,3,,,,,,2014-03-03
1087688,관광펜션업,1,2014,4,25,,,,,,2014-04-25
1087689,관광펜션업,1,2014,3,31,,,,,,2014-03-31
1087690,관광펜션업,1,2022,10,11,,,,,,2022-10-11
1087691,관광펜션업,0,2012,11,27,2018,4,18,6,2018-04-18,2012-11-27
1087692,관광펜션업,0,2014,12,8,2019,7,2,5,2019-07-02,2014-12-08
1087693,관광펜션업,0,2010,8,4,2014,12,15,4,2014-12-15,2010-08-04
1087694,관광펜션업,0,2010,8,5,2014,12,10,4,2014-12-10,2010-08-05
1087695,관광펜션업,0,2010,8,10,2018,8,24,8,2018-08-24,2010-08-10
1087696,관광펜션업,0,2011,4,22,2012,11,27,1,2012-11-27,2011-04-22
1087697,관광펜션업,0,2017,11,30,2018,7,23,1,2018-07-23,2017-11-30
1087698,관광펜션업,1,2011,4,28,,,,,,2011-04-28
1087699,관광펜션업,1,2012,6,27,,,,,,2012-06-27
1087700,관광펜션업,1,2013,7,22,,,,,,2013-07-22
1087701,관광펜션업,1,2014,12,8,,,,,,2014-12-08
1087702,관광펜션업,1,2016,1,7,,,,,,2016-01-07
1087703,관광펜션업,1,2018,3,13,,,,,,2018-03-13
1087704,관광펜션업,1,2005,11,4,,,,,,2005-11-04
1087705,관광펜션업,1,2005,2,24,,,,,,2005-02-24
1087706,관광펜션업,1,2008,5,27,,,,,,2008-05-27
1087707,관광펜션업,1,2009,11,2,,,,,,2009-11-02
1087708,관광펜션업,1,2009,6,2,,,,,,2009-06-02
1087709,관광펜션업,1,2010,3,30,,,,,,2010-03-30
1087710,관광펜션업,1,2010,3,30,,,,,,2010-03-30
1087711,관광펜션업,1,2011,4,18,,,,,,2011-04-18
1087712,관광펜션업,1,2011,4,19,,,,,,2011-04-19
1087713,관광펜션업,1,2011,4,28,,,,,,2011-04-28
1087714,관광펜션업,1,2016,1,14,,,,,,2016-01-14
1087715,관광펜션업,1,2018,8,27,,,,,,2018-08-27
1087716,관광펜션업,1,2020,6,22,,,,,,2020-06-22
1087717,관광펜션업,1,2021,5,17,,,,,,2021-05-17
1087718,관광펜션업,1,2021,6,18,,,,,,2021-06-18
1087719,관광펜션업,1,2020,10,26,,,,,,2020-10-26
1087720,관광펜션업,1,2020,10,26,,,,,,2020-10-26
1087721,관광펜션업,1,2020,10,26,,,,,,2020-10-26
1087722,관광펜션업,1,2022,8,18,,,,,,2022-08-18
1087723,관광펜션업,1,2021,1,12,,,,,,2021-01-12
1087724,관광펜션업,0,2012,6,27,,,,,,2012-06-27
1087725,관광펜션업,1,2021,12,27,,,,,,2021-12-27
1087726,관광펜션업,0,2010,12,9,2013,11,15,3,2013-11-15,2010-12-09
1087727,관광펜션업,0,2009,6,16,2009,12,31,0,2009-12-31,2009-06-16
1087728,관광펜션업,0,2012,11,9,2014,11,25,2,2014-11-25,2012-11-09
1087729,관광펜션업,1,2018,3,27,,,,,,2018-03-27
1087730,관광펜션업,1,2018,6,19,,,,,,2018-06-19
1087731,관광펜션업,1,2012,9,21,,,,,,2012-09-21
1087732,관광펜션업,1,2012,10,18,,,,,,2012-10-18
1087733,관광펜션업,1,2015,6,30,,,,,,2015-06-30
1087734,관광펜션업,1,2017,6,30,,,,,,2017-06-30
1087735,관광펜션업,1,2017,6,30,,,,,,2017-06-30
1087736,관광펜션업,1,2017,7,3,,,,,,2017-07-03
1087737,관광펜션업,1,2017,7,3,,,,,,2017-07-03
1087738,관광펜션업,1,2019,8,21,,,,,,2019-08-21
1087739,관광펜션업,1,2018,8,2,,,,,,2018-08-02
1087740,관광펜션업,1,2022,2,4,,,,,,2022-02-04
1087741,관광펜션업,1,2021,5,20,,,,,,2021-05-20
1087742,관광펜션업,1,2021,12,31,,,,,,2021-12-31
1087743,관광펜션업,1,2019,4,16,,,,,,2019-04-16
1087744,관광펜션업,1,2022,5,23,,,,,,2022-05-23
1087745,관광펜션업,1,2012,6,14,,,,,,2012-06-14
1087746,관광펜션업,1,2014,8,2,,,,,,2014-08-02
1087747,관광펜션업,1,2015,8,24,,,,,,2015-08-24
1087748,관광펜션업,1,2015,6,5,,,,,,2015-06-05
1087749,관광펜션업,1,2016,11,4,,,,,,2016-11-04
1087750,관광펜션업,1,2016,7,25,,,,,,2016-07-25
1087751,관광펜션업,0,2015,1,7,2018,4,30,3,2018-04-30,2015-01-07
1087752,관광펜션업,1,2014,8,13,,,,,,2014-08-13
1087753,관광펜션업,1,2017,9,14,,,,,,2017-09-14
1087754,관광펜션업,0,2011,6,9,2016,9,7,5,2016-09-07,2011-06-09
1087755,관광펜션업,0,2011,11,1,2016,9,7,5,2016-09-07,2011-11-01
1087756,관광펜션업,1,2021,5,25,,,,,,2021-05-25
1087757,관광펜션업,1,2014,8,26,,,,,,2014-08-26
1087758,관광펜션업,1,2021,10,22,,,,,,2021-10-22
1087759,관광펜션업,1,2012,5,16,,,,,,2012-05-16
1087760,관광펜션업,0,2012,12,24,2020,8,26,8,2020-08-26,2012-12-24
1087761,관광펜션업,1,2014,4,28,,,,,,2014-04-28
1087762,관광펜션업,1,2012,5,23,,,,,,2012-05-23
1087763,관광펜션업,1,2021,3,8,,,,,,2021-03-08
1087764,관광펜션업,1,2016,3,2,,,,,,2016-03-02
1087765,관광펜션업,1,2019,5,22,,,,,,2019-05-22
1087766,관광펜션업,1,2019,5,22,,,,,,2019-05-22
1087767,관광펜션업,0,2015,12,29,,,,,,2015-12-29
1087768,관광펜션업,1,2022,7,7,,,,,,2022-07-07
1087769,관광펜션업,1,2021,5,4,,,,,,2021-05-04
1087770,관광펜션업,1,2021,10,27,,,,,,2021-10-27
1087771,관광펜션업,1,2018,1,24,,,,,,2018-01-24
1087772,관광펜션업,1,2018,3,30,,,,,,2018-03-30
1087773,관광펜션업,1,2018,1,8,,,,,,2018-01-08
1087774,관광펜션업,1,2014,5,27,,,,,,2014-05-27
1087775,관광펜션업,1,2021,4,1,,,,,,2021-04-01
1087776,관광펜션업,1,2021,4,1,,,,,,2021-04-01
1087777,관광펜션업,1,2020,7,3,,,,,,2020-07-03
1087778,관광펜션업,1,2004,11,15,,,,,,2004-11-15
1087779,관광펜션업,1,2011,6,21,,,,,,2011-06-21
1087780,관광펜션업,0,2018,5,17,2020,6,29,2,2020-06-29,2018-05-17
1087781,관광펜션업,1,2018,8,2,,,,,,2018-08-02
1087782,관광펜션업,1,2018,7,25,,,,,,2018-07-25
1087783,관광펜션업,1,2021,4,1,,,,,,2021-04-01
1087784,관광펜션업,0,2017,8,31,2021,8,31,4,2021-08-31,2017-08-31
1087785,관광펜션업,0,2018,2,5,2021,10,21,3,2021-10-21,2018-02-05
1087786,관광펜션업,1,2020,3,30,,,,,,2020-03-30
1087787,관광펜션업,1,2022,11,4,,,,,,2022-11-04
1087788,관광펜션업,1,2017,2,10,,,,,,2017-02-10
1087789,관광펜션업,1,2011,9,20,,,,,,2011-09-20
1087790,관광펜션업,1,2015,7,15,,,,,,2015-07-15
1087791,관광펜션업,1,2015,3,17,,,,,,2015-03-17
1087792,관광펜션업,1,2015,11,3,,,,,,2015-11-03
1087793,관광펜션업,1,2011,8,10,,,,,,2011-08-10
1087794,관광펜션업,1,2015,1,26,,,,,,2015-01-26
1087795,관광펜션업,0,2016,2,4,2017,12,5,1,2017-12-05,2016-02-04
1087796,관광펜션업,1,2020,4,8,,,,,,2020-04-08
1087797,관광펜션업,1,2015,7,8,,,,,,2015-07-08
1087798,관광펜션업,1,2011,12,9,,,,,,2011-12-09
1087799,관광펜션업,1,2019,11,12,,,,,,2019-11-12
1087800,관광펜션업,1,2018,9,12,,,,,,2018-09-12
1087801,관광펜션업,1,2018,9,12,,,,,,2018-09-12
1087802,관광펜션업,1,2017,11,1,,,,,,2017-11-01
1087803,관광펜션업,1,2021,4,26,,,,,,2021-04-26
1087804,관광펜션업,0,2010,9,7,2011,3,16,1,2011-03-16,2010-09-07
1087805,관광펜션업,0,2005,4,14,2012,7,2,7,2012-07-02,2005-04-14
1087806,관광펜션업,1,2010,6,7,,,,,,2010-06-07
1087807,관광펜션업,1,2012,7,2,,,,,,2012-07-02
1087808,관광펜션업,1,2012,12,18,,,,,,2012-12-18
1087809,관광펜션업,0,2017,11,7,2020,1,22,3,2020-01-22,2017-11-07
1087810,관광펜션업,0,2012,12,5,2019,1,2,7,2019-01-02,2012-12-05
1087811,관광펜션업,0,2010,9,15,2014,12,1,4,2014-12-01,2010-09-15
1087812,관광펜션업,0,2012,12,5,,,,,,2012-12-05
1087813,관광펜션업,1,2014,8,19,,,,,,2014-08-19
1087814,관광펜션업,0,2009,9,17,2020,9,2,11,2020-09-02,2009-09-17
1087815,관광펜션업,1,2016,5,23,,,,,,2016-05-23
1087816,관광펜션업,1,2022,12,13,,,,,,2022-12-13
1087817,관광펜션업,1,2021,10,21,,,,,,2021-10-21
1087818,관광펜션업,1,2021,11,30,,,,,,2021-11-30
1087819,관광펜션업,1,2017,11,22,,,,,,2017-11-22
1087820,관광펜션업,1,2017,8,3,,,,,,2017-08-03
1087821,관광펜션업,1,2016,11,17,,,,,,2016-11-17
1087822,관광펜션업,1,2016,9,23,,,,,,2016-09-23
1087823,관광펜션업,1,2011,4,7,,,,,,2011-04-07
1087824,관광펜션업,1,2011,11,7,,,,,,2011-11-07
1087825,관광펜션업,1,2018,12,28,,,,,,2018-12-28
1087826,관광펜션업,1,2022,11,3,,,,,,2022-11-03
1087827,관광펜션업,1,2022,5,13,,,,,,2022-05-13
1087828,관광펜션업,0,2014,10,23,2021,7,16,7,2021-07-16,2014-10-23
1087829,관광펜션업,1,2016,11,1,,,,,,2016-11-01
1087830,관광펜션업,1,2022,5,9,,,,,,2022-05-09
1087831,관광펜션업,1,2020,2,26,,,,,,2020-02-26
1087832,관광펜션업,1,2018,12,27,,,,,,2018-12-27
1087833,관광펜션업,1,2018,6,29,,,,,,2018-06-29
1087834,관광펜션업,1,2014,2,6,,,,,,2014-02-06
1087835,관광펜션업,1,2013,12,23,,,,,,2013-12-23
1087836,관광펜션업,1,2012,12,14,,,,,,2012-12-14
1087837,관광펜션업,1,2019,1,9,,,,,,2019-01-09
1087838,관광펜션업,1,2020,4,21,,,,,,2020-04-21
1087839,관광펜션업,1,2021,9,1,,,,,,2021-09-01
1087840,관광펜션업,1,2016,11,30,,,,,,2016-11-30
1087841,관광펜션업,1,2019,1,28,,,,,,2019-01-28
1087842,관광펜션업,1,2020,3,4,,,,,,2020-03-04
1087843,관광펜션업,1,2020,1,28,,,,,,2020-01-28
1087844,관광펜션업,1,2011,7,8,,,,,,2011-07-08
1087845,관광펜션업,1,2012,7,26,,,,,,2012-07-26
1087846,관광펜션업,1,2019,8,6,,,,,,2019-08-06
1087847,관광펜션업,1,2012,8,6,,,,,,2012-08-06
1087848,관광펜션업,1,2019,9,8,,,,,,2019-09-08
1087849,관광펜션업,0,2018,9,20,2022,9,8,4,2022-09-08,2018-09-20
1087850,관광펜션업,1,2015,12,4,,,,,,2015-12-04
1087851,관광펜션업,1,2020,7,20,,,,,,2020-07-20
1087852,관광펜션업,1,2020,4,3,,,,,,2020-04-03
1087853,관광펜션업,1,2020,4,3,,,,,,2020-04-03
1087854,관광펜션업,1,2020,4,3,,,,,,2020-04-03
1087855,관광펜션업,1,2020,4,3,,,,,,2020-04-03
1087856,관광펜션업,0,2018,9,20,2022,9,8,4,2022-09-08,2018-09-20
1087857,관광펜션업,1,2021,9,1,,,,,,2021-09-01
1087858,관광펜션업,0,2011,6,9,2015,2,25,4,2015-02-25,2011-06-09
1087859,관광펜션업,0,2011,8,31,2015,3,16,4,2015-03-16,2011-08-31
1087860,관광펜션업,0,2006,10,17,2017,9,6,11,2017-09-06,2006-10-17
1087861,관광펜션업,0,2009,6,17,2017,9,15,8,2017-09-15,2009-06-17
1087862,관광펜션업,0,2010,2,23,2017,9,14,7,2017-09-14,2010-02-23
1087863,관광펜션업,0,2010,2,23,2017,8,25,7,2017-08-25,2010-02-23
1087864,관광펜션업,0,2010,2,23,2017,6,16,7,2017-06-16,2010-02-23
1087865,관광펜션업,0,2010,6,7,2017,9,8,7,2017-09-08,2010-06-07
1087866,관광펜션업,0,2010,6,7,2017,9,8,7,2017-09-08,2010-06-07
1087867,관광펜션업,0,2010,6,7,2017,9,8,7,2017-09-08,2010-06-07
1087868,관광펜션업,0,2010,6,7,2016,9,26,6,2016-09-26,2010-06-07
1087869,관광펜션업,0,2010,6,7,2012,1,17,2,2012-01-17,2010-06-07
1087870,관광펜션업,0,2010,8,10,2017,8,2,7,2017-08-02,2010-08-10
1087871,관광펜션업,0,2010,10,9,2017,9,8,7,2017-09-08,2010-10-09
1087872,관광펜션업,0,2010,10,9,2017,9,8,7,2017-09-08,2010-10-09
1087873,관광펜션업,0,2010,10,9,2017,9,8,7,2017-09-08,2010-10-09
1087874,관광펜션업,0,2011,11,24,2015,3,2,4,2015-03-02,2011-11-24
1087875,관광펜션업,0,2012,1,9,2013,5,22,1,2013-05-22,2012-01-09
1087876,관광펜션업,0,2010,10,29,2016,12,27,6,2016-12-27,2010-10-29
1087877,관광펜션업,0,2010,11,8,2015,12,4,5,2015-12-04,2010-11-08
1087878,관광펜션업,0,2012,10,11,2017,9,6,5,2017-09-06,2012-10-11
1087879,관광펜션업,0,2012,10,25,2017,9,7,5,2017-09-07,2012-10-25
1087880,관광펜션업,0,2012,11,6,2017,9,13,5,2017-09-13,2012-11-06
1087881,관광펜션업,0,2013,10,8,2017,9,6,4,2017-09-06,2013-10-08
1087882,관광펜션업,0,2013,11,14,2017,9,8,4,2017-09-08,2013-11-14
1087883,관광펜션업,0,2014,6,18,2015,12,2,1,2015-12-02,2014-06-18
1087884,관광펜션업,0,2014,6,18,2015,2,17,1,2015-02-17,2014-06-18
1087885,관광펜션업,0,2014,7,16,2017,9,4,3,2017-09-04,2014-07-16
1087886,관광펜션업,1,2022,9,5,,,,,,2022-09-05
1087887,관광펜션업,1,2021,3,26,,,,,,2021-03-26
1087888,관광펜션업,1,2021,3,26,,,,,,2021-03-26
1087889,관광펜션업,1,2022,8,18,,,,,,2022-08-18
1087890,관광펜션업,1,2018,12,20,,,,,,2018-12-20
1087891,관광펜션업,1,2021,11,4,,,,,,2021-11-04
1087892,관광펜션업,1,2020,8,14,,,,,,2020-08-14
1087893,관광펜션업,1,2021,7,21,,,,,,2021-07-21
1087894,관광펜션업,1,2022,11,20,,,,,,2022-11-20
1087895,관광펜션업,1,2022,11,16,,,,,,2022-11-16
1087896,관광펜션업,1,2022,11,16,,,,,,2022-11-16
1087897,관광펜션업,1,2022,11,16,,,,,,2022-11-16
1087898,관광펜션업,1,2022,11,16,,,,,,2022-11-16
1087899,관광펜션업,1,2014,8,26,,,,,,2014-08-26
1087900,관광펜션업,1,2015,6,26,,,,,,2015-06-26
1087901,관광펜션업,1,2012,9,13,,,,,,2012-09-13
1087902,관광펜션업,1,2014,4,3,,,,,,2014-04-03
1087903,관광펜션업,0,2014,11,19,2017,9,8,3,2017-09-08,2014-11-19
1087904,관광펜션업,0,2014,11,19,2017,9,7,3,2017-09-07,2014-11-19
1087905,관광펜션업,0,2017,9,5,2018,8,2,1,2018-08-02,2017-09-05
1087906,관광펜션업,0,2017,9,5,2018,8,2,1,2018-08-02,2017-09-05
1087907,관광펜션업,0,2004,10,27,2017,9,7,13,2017-09-07,2004-10-27
1087908,관광펜션업,0,2010,12,9,2017,9,7,7,2017-09-07,2010-12-09
1087909,관광펜션업,0,2010,12,28,2017,8,28,7,2017-08-28,2010-12-28
1087910,관광펜션업,0,2011,1,18,2014,12,17,3,2014-12-17,2011-01-18
1087911,관광펜션업,0,2011,3,8,2017,9,6,6,2017-09-06,2011-03-08
1087912,관광펜션업,0,2011,4,20,2017,9,8,6,2017-09-08,2011-04-20
1087913,관광펜션업,1,2020,8,3,,,,,,2020-08-03
1087914,관광펜션업,1,2019,4,22,,,,,,2019-04-22
1087915,관광펜션업,1,2016,11,16,,,,,,2016-11-16
1087916,관광펜션업,1,2019,3,25,,,,,,2019-03-25
1087917,관광펜션업,1,2019,3,12,,,,,,2019-03-12
1087918,관광펜션업,1,2007,5,10,,,,,,2007-05-10
1087919,관광펜션업,1,2022,9,18,,,,,,2022-09-18
1087920,관광펜션업,1,2021,4,23,,,,,,2021-04-23
1087921,관광펜션업,1,2022,4,25,,,,,,2022-04-25
1087922,관광펜션업,1,2021,3,18,,,,,,2021-03-18
1087923,관광펜션업,1,2022,7,7,,,,,,2022-07-07
1087924,관광펜션업,1,2022,7,7,,,,,,2022-07-07
1087925,관광펜션업,1,2016,6,9,,,,,,2016-06-09
1087926,관광펜션업,1,2013,4,23,,,,,,2013-04-23
1087927,관광펜션업,1,2022,5,31,,,,,,2022-05-31
1087928,관광펜션업,1,2010,2,19,,,,,,2010-02-19
1087929,관광펜션업,1,2009,8,21,,,,,,2009-08-21
1087930,관광펜션업,1,2008,5,22,,,,,,2008-05-22
1087931,관광펜션업,1,2003,12,29,,,,,,2003-12-29
1087932,관광펜션업,1,2005,10,31,,,,,,2005-10-31
1087933,관광펜션업,1,2019,10,15,,,,,,2019-10-15
1087934,관광펜션업,1,2022,9,15,,,,,,2022-09-15
1087935,관광펜션업,0,2011,6,13,2017,9,15,6,2017-09-15,2011-06-13
1087936,관광펜션업,0,2014,3,21,2016,4,7,2,2016-04-07,2014-03-21
1087937,관광펜션업,1,2010,5,17,,,,,,2010-05-17
1087938,관광펜션업,1,2014,11,17,,,,,,2014-11-17
1087939,관광펜션업,1,2012,2,27,,,,,,2012-02-27
1087940,관광펜션업,1,2017,7,20,,,,,,2017-07-20
1087941,관광펜션업,1,2011,9,15,,,,,,2011-09-15
1087942,관광펜션업,1,2018,12,5,,,,,,2018-12-05
1087943,관광펜션업,1,2015,6,24,,,,,,2015-06-24
1087944,관광펜션업,1,2016,6,28,,,,,,2016-06-28
1087945,관광펜션업,1,2006,7,18,,,,,,2006-07-18
1087946,관광펜션업,1,2017,11,8,,,,,,2017-11-08
1087947,관광펜션업,1,2022,10,6,,,,,,2022-10-06
1087948,관광펜션업,1,2021,4,30,,,,,,2021-04-30
1087949,관광펜션업,1,2021,3,18,,,,,,2021-03-18
1087950,관광펜션업,1,2022,8,26,,,,,,2022-08-26
1087951,관광펜션업,1,2022,1,11,,,,,,2022-01-11
1087952,관광펜션업,1,2019,10,10,,,,,,2019-10-10
1087953,관광펜션업,1,2022,1,28,,,,,,2022-01-28
1087954,관광펜션업,1,2022,1,28,,,,,,2022-01-28
1087955,관광펜션업,1,2022,10,24,,,,,,2022-10-24
1087956,관광펜션업,1,2019,4,12,,,,,,2019-04-12
1087957,관광펜션업,1,2014,7,21,,,,,,2014-07-21
1087958,관광펜션업,1,2013,9,4,,,,,,2013-09-04
1087959,관광펜션업,1,2013,9,4,,,,,,2013-09-04
1087960,관광펜션업,1,2022,12,30,,,,,,2022-12-30
1087961,관광펜션업,1,2012,4,17,,,,,,2012-04-17
1087962,관광펜션업,1,2013,3,13,,,,,,2013-03-13
1087963,관광펜션업,1,2013,8,9,,,,,,2013-08-09
1087964,관광펜션업,1,2013,10,11,,,,,,2013-10-11
1087965,관광펜션업,1,2015,7,6,,,,,,2015-07-06
1087966,관광펜션업,1,2015,8,13,,,,,,2015-08-13
1087967,관광펜션업,1,2015,12,1,,,,,,2015-12-01
1087968,관광펜션업,1,2017,5,31,,,,,,2017-05-31
1087969,관광펜션업,1,2017,6,8,,,,,,2017-06-08
1087970,관광펜션업,1,2018,5,17,,,,,,2018-05-17
1087971,관광펜션업,0,2014,3,7,2015,7,24,1,2015-07-24,2014-03-07
1087972,관광펜션업,1,2010,6,25,,,,,,2010-06-25
1087973,관광펜션업,1,2019,8,9,,,,,,2019-08-09
1087974,관광펜션업,1,2010,8,10,,,,,,2010-08-10
1087975,관광펜션업,0,2014,1,3,2014,7,22,0,2014-07-22,2014-01-03
1087976,관광펜션업,0,2014,9,1,2018,3,18,4,2018-03-18,2014-09-01
1087977,관광펜션업,0,2014,11,6,2018,12,12,4,2018-12-12,2014-11-06
1087978,관광펜션업,0,2014,12,4,2018,12,27,4,2018-12-27,2014-12-04
1087979,관광펜션업,0,2015,5,26,2018,8,16,3,2018-08-16,2015-05-26
1087980,관광펜션업,0,2016,5,4,2019,6,7,3,2019-06-07,2016-05-04
1087981,관광펜션업,0,2018,3,20,2020,12,14,2,2020-12-14,2018-03-20
1087982,관광펜션업,1,2011,7,7,,,,,,2011-07-07
1087983,관광펜션업,1,2022,4,14,,,,,,2022-04-14
1087984,관광펜션업,1,2019,7,9,,,,,,2019-07-09
1087985,관광펜션업,1,2019,6,7,,,,,,2019-06-07
1087986,관광펜션업,1,2019,5,13,,,,,,2019-05-13
1087987,관광펜션업,1,2020,1,23,,,,,,2020-01-23
1087988,관광펜션업,1,2012,12,31,,,,,,2012-12-31
1087989,관광펜션업,1,2012,8,2,,,,,,2012-08-02
1087990,관광펜션업,1,2012,8,2,,,,,,2012-08-02
1087991,관광펜션업,1,2011,10,21,,,,,,2011-10-21
1087992,관광펜션업,1,2010,9,9,,,,,,2010-09-09
1087993,관광펜션업,1,2022,3,24,,,,,,2022-03-24
1087994,관광펜션업,1,2019,3,22,,,,,,2019-03-22
1087995,관광펜션업,0,2004,12,27,2015,4,7,11,2015-04-07,2004-12-27
1087996,관광펜션업,0,2010,7,9,2018,7,23,8,2018-07-23,2010-07-09
1087997,관광펜션업,0,2010,7,14,2016,1,29,6,2016-01-29,2010-07-14
1087998,관광펜션업,0,2010,8,9,2014,5,30,4,2014-05-30,2010-08-09
1087999,관광펜션업,0,2010,10,29,2019,9,26,9,2019-09-26,2010-10-29
1088000,관광펜션업,0,2010,10,29,2019,9,26,9,2019-09-26,2010-10-29
1088001,관광펜션업,0,2010,10,29,2019,9,26,9,2019-09-26,2010-10-29
1088002,관광펜션업,0,2011,6,14,2018,12,20,7,2018-12-20,2011-06-14
1088003,관광펜션업,0,2011,8,11,2015,4,30,4,2015-04-30,2011-08-11
1088004,관광펜션업,0,2012,6,19,2021,2,9,9,2021-02-09,2012-06-19
1088005,관광펜션업,0,2012,6,19,2015,1,28,3,2015-01-28,2012-06-19
1088006,관광펜션업,1,2021,6,3,,,,,,2021-06-03
1088007,관광펜션업,1,2022,9,26,,,,,,2022-09-26
1088008,관광펜션업,1,2021,2,17,,,,,,2021-02-17
1088009,관광펜션업,1,2018,10,8,,,,,,2018-10-08
1088010,관광펜션업,0,2011,12,15,,,,,,2011-12-15
1088011,관광펜션업,1,2020,4,7,,,,,,2020-04-07
1088012,관광펜션업,1,2020,4,14,,,,,,2020-04-14
1088013,관광펜션업,1,2020,4,14,,,,,,2020-04-14
1088014,관광펜션업,1,2013,12,2,,,,,,2013-12-02
1088015,관광펜션업,1,2014,10,28,,,,,,2014-10-28
1088016,관광펜션업,1,2014,12,4,,,,,,2014-12-04
1088017,관광펜션업,1,2016,7,1,,,,,,2016-07-01
1088018,관광펜션업,1,2016,8,17,,,,,,2016-08-17
1088019,관광펜션업,1,2016,10,26,,,,,,2016-10-26
1088020,관광펜션업,1,2018,6,5,,,,,,2018-06-05
1088021,관광펜션업,1,2018,6,11,,,,,,2018-06-11
1088022,관광펜션업,1,2020,7,22,,,,,,2020-07-22
1088023,관광펜션업,1,2022,10,20,,,,,,2022-10-20
1088024,관광펜션업,1,2022,12,22,,,,,,2022-12-22
1088025,관광펜션업,1,2015,7,30,,,,,,2015-07-30
1088026,관광펜션업,1,2021,9,30,,,,,,2021-09-30
1088027,관광펜션업,1,2014,12,19,,,,,,2014-12-19
1088028,관광펜션업,1,2015,5,19,,,,,,2015-05-19
1088029,관광펜션업,1,2016,9,5,,,,,,2016-09-05
1088030,관광펜션업,0,2007,11,26,2019,1,14,12,2019-01-14,2007-11-26
1088031,관광펜션업,0,2010,3,25,2019,2,19,9,2019-02-19,2010-03-25
1088032,관광펜션업,1,2004,8,2,,,,,,2004-08-02
1088033,관광펜션업,1,2007,9,11,,,,,,2007-09-11
1088034,관광펜션업,1,2019,10,20,,,,,,2019-10-20
1088035,관광펜션업,1,2022,3,29,,,,,,2022-03-29
1088036,관광펜션업,1,2022,3,29,,,,,,2022-03-29
1088037,관광펜션업,1,2022,3,29,,,,,,2022-03-29
1088038,관광펜션업,1,2022,3,29,,,,,,2022-03-29
1088039,관광펜션업,0,2014,6,17,2015,3,26,1,2015-03-26,2014-06-17
1088040,관광펜션업,0,2015,6,15,2021,11,17,6,2021-11-17,2015-06-15
1088041,관광펜션업,0,2017,2,20,2020,3,3,3,2020-03-03,2017-02-20
1088042,관광펜션업,0,2017,2,20,2020,3,3,3,2020-03-03,2017-02-20
1088043,관광펜션업,0,2020,5,15,2021,4,26,1,2021-04-26,2020-05-15
1088044,관광펜션업,0,2018,4,30,2019,1,21,1,2019-01-21,2018-04-30
1088045,관광펜션업,0,2004,12,15,2014,12,23,10,2014-12-23,2004-12-15
1088046,관광펜션업,0,2004,12,15,2014,12,23,10,2014-12-23,2004-12-15
1088047,관광펜션업,0,2004,12,15,2014,12,23,10,2014-12-23,2004-12-15
1088048,관광펜션업,0,2007,1,22,2016,2,25,9,2016-02-25,2007-01-22
1088049,관광펜션업,0,2008,8,6,2015,1,9,7,2015-01-09,2008-08-06
1088050,관광펜션업,0,2009,2,25,2015,1,6,6,2015-01-06,2009-02-25
1088051,관광펜션업,0,2009,2,25,2015,1,6,6,2015-01-06,2009-02-25
1088052,관광펜션업,0,2009,3,5,2018,12,31,9,2018-12-31,2009-03-05
1088053,관광펜션업,0,2009,6,16,2015,3,31,6,2015-03-31,2009-06-16
1088054,관광펜션업,0,2019,1,25,2019,12,24,0,2019-12-24,2019-01-25
1088055,관광펜션업,0,2006,6,9,2015,4,1,9,2015-04-01,2006-06-09
1088056,관광펜션업,0,2010,7,8,2019,1,8,9,2019-01-08,2010-07-08
1088057,관광펜션업,0,2013,7,19,2014,11,21,1,2014-11-21,2013-07-19
1088058,관광펜션업,0,2017,4,10,2020,3,3,3,2020-03-03,2017-04-10
1088059,관광펜션업,0,2013,7,19,2014,11,21,1,2014-11-21,2013-07-19
1088060,관광펜션업,0,2013,7,19,2014,11,21,1,2014-11-21,2013-07-19
1088061,관광펜션업,0,2013,7,19,2014,11,21,1,2014-11-21,2013-07-19
1088062,관광펜션업,0,2013,7,19,2014,11,21,1,2014-11-21,2013-07-19
1088063,관광펜션업,1,2021,6,1,,,,,,2021-06-01
1088064,관광펜션업,1,2005,10,27,,,,,,2005-10-27
1088065,관광펜션업,1,2005,12,30,,,,,,2005-12-30
1088066,관광펜션업,1,2006,8,7,,,,,,2006-08-07
1088067,관광펜션업,1,2020,9,22,,,,,,2020-09-22
1088068,관광펜션업,1,2018,12,6,,,,,,2018-12-06
1088069,관광펜션업,1,2020,6,1,,,,,,2020-06-01
1088070,관광펜션업,1,2017,8,1,,,,,,2017-08-01
1088071,관광펜션업,1,2017,12,27,,,,,,2017-12-27
1088072,관광펜션업,1,2017,7,13,,,,,,2017-07-13
1088073,관광펜션업,1,2017,8,1,,,,,,2017-08-01
1088074,관광펜션업,1,2018,6,1,,,,,,2018-06-01
1088075,관광펜션업,1,2018,6,1,,,,,,2018-06-01
1088076,관광펜션업,1,2010,1,13,,,,,,2010-01-13
1088077,관광펜션업,1,2010,1,13,,,,,,2010-01-13
1088078,관광펜션업,1,2010,1,13,,,,,,2010-01-13
1088079,관광펜션업,1,2010,9,30,,,,,,2010-09-30
1088080,관광펜션업,1,2011,8,19,,,,,,2011-08-19
1088081,관광펜션업,1,2011,10,7,,,,,,2011-10-07
1088082,관광펜션업,1,2012,7,27,,,,,,2012-07-27
1088083,관광펜션업,1,2013,2,26,,,,,,2013-02-26
1088084,관광펜션업,1,2019,5,17,,,,,,2019-05-17
1088085,관광펜션업,1,2019,5,31,,,,,,2019-05-31
1088086,관광펜션업,1,2019,8,19,,,,,,2019-08-19
1088087,관광펜션업,1,2019,12,16,,,,,,2019-12-16
1088088,관광펜션업,1,2019,2,19,,,,,,2019-02-19
1088089,관광펜션업,0,2011,4,5,,,,,,2011-04-05
1088090,관광펜션업,1,2019,10,14,,,,,,2019-10-14
1088091,관광펜션업,1,2017,1,20,,,,,,2017-01-20
1088092,관광펜션업,1,2021,7,2,,,,,,2021-07-02
1088093,관광펜션업,1,2018,7,4,,,,,,2018-07-04
1088094,관광펜션업,0,2010,1,18,2018,2,23,8,2018-02-23,2010-01-18
1088095,관광펜션업,0,2009,12,30,2017,9,11,8,2017-09-11,2009-12-30
1088096,관광펜션업,0,2010,10,27,2017,10,16,7,2017-10-16,2010-10-27
1088097,관광펜션업,1,2019,11,22,,,,,,2019-11-22
1088098,관광펜션업,1,2019,12,2,,,,,,2019-12-02
1088099,관광펜션업,1,2019,12,2,,,,,,2019-12-02
1088100,관광펜션업,1,2017,9,28,,,,,,2017-09-28
1088101,관광펜션업,1,2019,2,26,,,,,,2019-02-26
1088102,관광펜션업,1,2020,1,21,,,,,,2020-01-21
1088103,관광펜션업,1,2022,12,21,,,,,,2022-12-21
1088104,관광펜션업,1,2021,8,27,,,,,,2021-08-27
1088105,관광펜션업,1,2018,7,24,,,,,,2018-07-24
1088106,관광펜션업,1,2018,7,11,,,,,,2018-07-11
1088107,관광펜션업,1,2007,3,8,,,,,,2007-03-08
1088108,관광펜션업,1,2008,11,14,,,,,,2008-11-14
1088109,관광펜션업,1,2010,3,19,,,,,,2010-03-19
1088110,관광펜션업,1,2022,11,4,,,,,,2022-11-04
1088111,관광펜션업,1,2021,3,16,,,,,,2021-03-16
1088112,관광펜션업,1,2022,7,4,,,,,,2022-07-04
1088113,관광펜션업,1,2022,5,2,,,,,,2022-05-02
1088114,관광펜션업,1,2022,6,20,,,,,,2022-06-20
1088115,관광펜션업,1,2020,3,19,,,,,,2020-03-19
1088116,관광펜션업,1,2010,3,19,,,,,,2010-03-19
1088117,관광펜션업,1,2016,4,20,,,,,,2016-04-20
1088118,관광펜션업,1,2017,7,28,,,,,,2017-07-28
1088119,관광펜션업,1,2018,2,22,,,,,,2018-02-22
1088120,관광펜션업,1,2018,5,10,,,,,,2018-05-10
1088121,관광펜션업,1,2018,7,4,,,,,,2018-07-04
1088122,관광펜션업,1,2018,7,10,,,,,,2018-07-10
1088123,관광펜션업,1,2019,1,23,,,,,,2019-01-23
1088124,관광펜션업,1,2022,5,23,,,,,,2022-05-23
1088125,관광펜션업,1,2010,9,6,,,,,,2010-09-06
1088126,관광펜션업,1,2014,11,10,,,,,,2014-11-10
1088127,관광펜션업,1,2019,9,2,,,,,,2019-09-02
1088128,관광펜션업,0,2010,11,18,2014,1,27,4,2014-01-27,2010-11-18
1088129,관광펜션업,0,2012,10,22,2015,9,10,3,2015-09-10,2012-10-22
1088130,관광펜션업,0,2010,11,18,2014,1,27,4,2014-01-27,2010-11-18
1088131,관광펜션업,0,2012,10,23,2016,4,5,4,2016-04-05,2012-10-23
1088132,관광펜션업,0,2010,11,18,2014,1,27,4,2014-01-27,2010-11-18
1088133,관광펜션업,0,2014,6,5,2019,1,16,5,2019-01-16,2014-06-05
1088134,관광펜션업,1,2019,12,24,,,,,,2019-12-24
1088135,관광펜션업,1,2021,2,15,,,,,,2021-02-15
1088136,관광펜션업,1,2020,11,3,,,,,,2020-11-03
1088137,관광펜션업,1,2020,11,27,,,,,,2020-11-27
1088138,관광펜션업,1,2022,4,18,,,,,,2022-04-18
1088139,관광펜션업,1,2021,11,11,,,,,,2021-11-11
1088140,관광펜션업,1,2020,8,7,,,,,,2020-08-07
1088141,관광펜션업,1,2020,8,12,,,,,,2020-08-12
1088142,관광펜션업,1,2017,3,7,,,,,,2017-03-07
1088143,관광펜션업,1,2017,7,14,,,,,,2017-07-14
1088144,관광펜션업,1,2017,8,10,,,,,,2017-08-10
1088145,관광펜션업,1,2017,8,10,,,,,,2017-08-10
1088146,관광펜션업,1,2017,9,7,,,,,,2017-09-07
1088147,관광펜션업,1,2019,4,25,,,,,,2019-04-25
1088148,관광펜션업,1,2019,4,26,,,,,,2019-04-26
1088149,관광펜션업,1,2019,4,26,,,,,,2019-04-26
1088150,관광펜션업,1,2019,7,23,,,,,,2019-07-23
1088151,관광펜션업,1,2019,11,27,,,,,,2019-11-27
1088152,관광펜션업,1,2020,2,4,,,,,,2020-02-04
1088153,관광펜션업,1,2020,6,8,,,,,,2020-06-08
1088154,관광펜션업,1,2020,7,24,,,,,,2020-07-24
1088155,관광펜션업,1,2020,7,28,,,,,,2020-07-28
1088156,관광펜션업,1,2017,8,14,,,,,,2017-08-14
1088157,관광펜션업,1,2017,10,18,,,,,,2017-10-18
1088158,관광펜션업,1,2017,11,30,,,,,,2017-11-30
1088159,관광펜션업,1,2017,12,8,,,,,,2017-12-08
1088160,관광펜션업,1,2018,10,4,,,,,,2018-10-04
1088161,관광펜션업,1,2018,10,4,,,,,,2018-10-04
1088162,관광펜션업,1,2018,10,8,,,,,,2018-10-08
1088163,관광펜션업,1,2018,3,16,,,,,,2018-03-16
1088164,관광펜션업,1,2018,4,24,,,,,,2018-04-24
1088165,관광펜션업,1,2018,4,26,,,,,,2018-04-26
1088166,관광펜션업,1,2018,6,14,,,,,,2018-06-14
1088167,관광펜션업,1,2018,7,9,,,,,,2018-07-09
1088168,관광펜션업,1,2018,9,18,,,,,,2018-09-18
1088169,관광펜션업,1,2018,10,4,,,,,,2018-10-04
1088170,관광펜션업,1,2010,10,18,,,,,,2010-10-18
1088171,관광펜션업,1,2018,11,23,,,,,,2018-11-23
1088172,관광펜션업,1,2018,11,23,,,,,,2018-11-23
1088173,관광펜션업,1,2018,11,26,,,,,,2018-11-26
1088174,관광펜션업,1,2018,11,26,,,,,,2018-11-26
1088175,관광펜션업,1,2018,12,18,,,,,,2018-12-18
1088176,관광펜션업,1,2018,12,18,,,,,,2018-12-18
1088177,관광펜션업,1,2019,2,14,,,,,,2019-02-14
1088178,관광펜션업,1,2020,2,17,,,,,,2020-02-17
1088179,관광펜션업,1,2020,4,16,,,,,,2020-04-16
1088180,관광펜션업,1,2020,5,29,,,,,,2020-05-29
1088181,관광펜션업,1,2017,9,21,,,,,,2017-09-21
1088182,관광펜션업,1,2021,12,28,,,,,,2021-12-28
1088183,관광펜션업,1,2022,2,14,,,,,,2022-02-14
1088184,관광펜션업,0,2017,12,8,2018,11,5,1,2018-11-05,2017-12-08
1088185,관광펜션업,0,2017,5,22,2017,11,21,0,2017-11-21,2017-05-22
1088186,관광펜션업,1,2011,1,18,,,,,,2011-01-18
1088187,관광펜션업,1,2022,5,2,,,,,,2022-05-02
1088188,관광펜션업,1,2011,4,27,,,,,,2011-04-27
1088189,관광펜션업,1,2012,6,13,,,,,,2012-06-13
1088190,관광펜션업,1,2017,6,16,,,,,,2017-06-16
1088191,관광펜션업,1,2014,5,23,,,,,,2014-05-23
1088192,관광펜션업,1,2006,12,20,,,,,,2006-12-20
1088193,관광펜션업,1,2012,7,5,,,,,,2012-07-05
1088194,관광펜션업,0,2018,1,9,2021,12,24,3,2021-12-24,2018-01-09
1088195,관광펜션업,1,2022,6,14,,,,,,2022-06-14
1088196,관광펜션업,0,2017,12,6,2021,11,26,4,2021-11-26,2017-12-06
1088197,관광펜션업,0,2010,11,30,,,,,,2010-11-30
1088198,관광펜션업,0,2007,8,9,2017,9,22,10,2017-09-22,2007-08-09
1088199,관광펜션업,1,2015,10,6,,,,,,2015-10-06
