,개방서비스명,영업상태(0=폐업),open_year,open_month,open_day,close_year,close_month,close_day,존속년도,폐업시기,개업시기
3827770,관광식당,1,2009,4,13,,,,,,2009-04-13
3827771,관광식당,1,2006,11,23,,,,,,2006-11-23
3827772,관광식당,1,2009,3,19,,,,,,2009-03-19
3827773,관광식당,1,2009,1,9,,,,,,2009-01-09
3827774,관광식당,1,2009,1,7,,,,,,2009-01-07
3827775,관광식당,1,2009,3,19,,,,,,2009-03-19
3827776,관광식당,1,2009,8,10,,,,,,2009-08-10
3827777,관광식당,1,2009,9,14,,,,,,2009-09-14
3827778,관광식당,1,2009,9,28,,,,,,2009-09-28
3827779,관광식당,1,1991,1,21,,,,,,1991-01-21
3827780,관광식당,1,2008,6,11,,,,,,2008-06-11
3827781,관광식당,1,2008,12,29,,,,,,2008-12-29
3827782,관광식당,1,2008,9,29,,,,,,2008-09-29
3827783,관광식당,1,2010,2,16,,,,,,2010-02-16
3827784,관광식당,1,2009,9,28,,,,,,2009-09-28
3827785,관광식당,1,2009,11,4,,,,,,2009-11-04
3827786,관광식당,1,2009,11,4,,,,,,2009-11-04
3827787,관광식당,1,2009,11,4,,,,,,2009-11-04
3827788,관광식당,1,2008,9,29,,,,,,2008-09-29
3827789,관광식당,1,2008,9,8,,,,,,2008-09-08
3827790,관광식당,1,2008,7,21,,,,,,2008-07-21
3827791,관광식당,1,2008,7,2,,,,,,2008-07-02
3827792,관광식당,1,2008,6,14,,,,,,2008-06-14
3827793,관광식당,1,2008,6,10,,,,,,2008-06-10
3827794,관광식당,1,2008,4,25,,,,,,2008-04-25
3827795,관광식당,1,2008,3,31,,,,,,2008-03-31
3827796,관광식당,1,2008,2,1,,,,,,2008-02-01
3827797,관광식당,1,2009,4,23,,,,,,2009-04-23
3827798,관광식당,1,1996,12,24,,,,,,1996-12-24
3827799,관광식당,1,1997,12,26,,,,,,1997-12-26
3827800,관광식당,1,1999,12,24,,,,,,1999-12-24
3827801,관광식당,1,2001,6,2,,,,,,2001-06-02
3827802,관광식당,1,2002,8,2,,,,,,2002-08-02
3827803,관광식당,1,2002,6,28,,,,,,2002-06-28
3827804,관광식당,1,2002,3,26,,,,,,2002-03-26
3827805,관광식당,1,2002,3,5,,,,,,2002-03-05
3827806,관광식당,1,2006,12,28,,,,,,2006-12-28
3827807,관광식당,1,2006,12,7,,,,,,2006-12-07
3827808,관광식당,1,2007,11,6,,,,,,2007-11-06
3827809,관광식당,1,2007,10,12,,,,,,2007-10-12
3827810,관광식당,1,2007,9,19,,,,,,2007-09-19
3827811,관광식당,1,2007,8,8,,,,,,2007-08-08
3827812,관광식당,1,2007,6,22,,,,,,2007-06-22
3827813,관광식당,1,2007,6,22,,,,,,2007-06-22
3827814,관광식당,1,2007,3,15,,,,,,2007-03-15
3827815,관광식당,1,2007,1,3,,,,,,2007-01-03
3827816,관광식당,1,2008,7,21,,,,,,2008-07-21
3827817,관광식당,1,2008,8,7,,,,,,2008-08-07
3827818,관광식당,1,2009,7,24,,,,,,2009-07-24
3827819,관광식당,1,2009,4,13,,,,,,2009-04-13
3827820,관광식당,1,2009,3,26,,,,,,2009-03-26
3827821,관광식당,0,2009,12,10,,,,,,2009-12-10
3827822,관광식당,0,1997,1,20,,,,,,1997-01-20
3827823,관광식당,1,2017,3,9,,,,,,2017-03-09
3827824,관광식당,1,2008,9,29,,,,,,2008-09-29
3827825,관광식당,1,2009,3,18,,,,,,2009-03-18
3827826,관광식당,1,2009,7,15,,,,,,2009-07-15
3827827,관광식당,1,2017,7,10,,,,,,2017-07-10
3827828,관광식당,0,2006,5,11,,,,,,2006-05-11
3827829,관광식당,0,2005,4,6,,,,,,2005-04-06
3827830,관광식당,0,2012,8,14,2018,3,30,6,2018-03-30,2012-08-14
3827831,관광식당,0,2011,4,13,2014,12,22,3,2014-12-22,2011-04-13
3827832,관광식당,0,2011,1,12,2017,7,24,6,2017-07-24,2011-01-12
3827833,관광식당,0,2010,4,30,2016,6,10,6,2016-06-10,2010-04-30
3827834,관광식당,0,2009,6,15,2018,5,3,9,2018-05-03,2009-06-15
3827835,관광식당,0,2009,7,15,2016,6,28,7,2016-06-28,2009-07-15
3827836,관광식당,1,2017,5,18,,,,,,2017-05-18
3827837,관광식당,1,2010,8,23,,,,,,2010-08-23
3827838,관광식당,1,2009,1,7,,,,,,2009-01-07
3827839,관광식당,1,1998,11,23,,,,,,1998-11-23
3827840,관광식당,1,2008,7,15,,,,,,2008-07-15
3827841,관광식당,1,2008,3,31,,,,,,2008-03-31
3827842,관광식당,1,2007,3,13,,,,,,2007-03-13
3827843,관광식당,1,2007,3,2,,,,,,2007-03-02
3827844,관광식당,1,2006,12,4,,,,,,2006-12-04
3827845,관광식당,1,2003,10,7,,,,,,2003-10-07
3827846,관광식당,0,2011,1,31,2016,8,30,5,2016-08-30,2011-01-31
3827847,관광식당,1,2011,2,22,,,,,,2011-02-22
3827848,관광식당,0,2009,4,13,2017,7,20,8,2017-07-20,2009-04-13
3827849,관광식당,0,2009,11,25,2016,10,10,7,2016-10-10,2009-11-25
3827850,관광식당,0,2008,4,28,2012,1,31,4,2012-01-31,2008-04-28
3827851,관광식당,0,2008,6,13,2018,4,9,10,2018-04-09,2008-06-13
3827852,관광식당,0,2008,3,19,2017,4,19,9,2017-04-19,2008-03-19
3827853,관광식당,0,2008,3,19,2014,6,18,6,2014-06-18,2008-03-19
3827854,관광식당,0,2010,2,12,2013,2,1,3,2013-02-01,2010-02-12
3827855,관광식당,1,2008,6,26,,,,,,2008-06-26
3827856,관광식당,1,2008,8,25,,,,,,2008-08-25
3827857,관광식당,1,2008,9,9,,,,,,2008-09-09
3827858,관광식당,0,2005,12,23,2014,4,15,9,2014-04-15,2005-12-23
3827859,관광식당,0,2006,9,29,2015,4,13,9,2015-04-13,2006-09-29
3827860,관광식당,0,2003,7,31,2017,9,28,14,2017-09-28,2003-07-31
3827861,관광식당,0,2010,1,11,2022,12,2,12,2022-12-02,2010-01-11
3827862,관광식당,0,2008,3,5,2015,1,19,7,2015-01-19,2008-03-05
3827863,관광식당,0,2011,1,12,2011,7,28,0,2011-07-28,2011-01-12
3827864,관광식당,0,1900,1,1,2004,5,19,104,2004-05-19,1900-01-01
3827865,관광식당,0,2004,5,20,2014,4,2,10,2014-04-02,2004-05-20
3827866,관광식당,1,2001,9,10,,,,,,2001-09-10
3827867,관광식당,1,1997,7,7,,,,,,1997-07-07
3827868,관광식당,1,2004,11,11,,,,,,2004-11-11
3827869,관광식당,1,2004,11,11,,,,,,2004-11-11
3827870,관광식당,1,2016,12,13,,,,,,2016-12-13
3827871,관광식당,1,2007,9,5,,,,,,2007-09-05
3827872,관광식당,1,2008,2,14,,,,,,2008-02-14
3827873,관광식당,1,2008,12,29,,,,,,2008-12-29
3827874,관광식당,1,2009,10,12,,,,,,2009-10-12
3827875,관광식당,0,2011,4,11,2012,7,3,1,2012-07-03,2011-04-11
3827876,관광식당,1,2012,6,14,,,,,,2012-06-14
3827877,관광식당,1,2003,4,15,,,,,,2003-04-15
3827878,관광식당,1,2006,9,11,,,,,,2006-09-11
3827879,관광식당,0,2009,11,25,2016,7,15,7,2016-07-15,2009-11-25
3827880,관광식당,0,2006,4,21,2019,8,27,13,2019-08-27,2006-04-21
3827881,관광식당,0,2012,4,13,,,,,,2012-04-13
3827882,관광식당,1,2020,9,17,,,,,,2020-09-17
3827883,관광식당,0,2003,4,15,2016,3,16,13,2016-03-16,2003-04-15
3827884,관광식당,0,2014,11,17,2016,2,28,2,2016-02-28,2014-11-17
3827885,관광식당,1,2007,1,9,,,,,,2007-01-09
3827886,관광식당,0,2008,7,2,,,,,,2008-07-02
3827887,관광식당,1,2020,12,2,,,,,,2020-12-02
3827888,관광식당,1,2010,9,8,,,,,,2010-09-08
3827889,관광식당,1,2009,11,16,,,,,,2009-11-16
3827890,관광식당,0,2008,10,20,,,,,,2008-10-20
3827891,관광식당,1,2007,2,5,,,,,,2007-02-05
3827892,관광식당,1,2008,8,1,,,,,,2008-08-01
3827893,관광식당,1,2016,5,2,,,,,,2016-05-02
3827894,관광식당,1,2016,6,20,,,,,,2016-06-20
3827895,관광식당,0,2008,1,31,,,,,,2008-01-31
3827896,관광식당,0,2009,12,14,2015,3,26,6,2015-03-26,2009-12-14
3827897,관광식당,0,2009,11,25,2012,2,13,3,2012-02-13,2009-11-25
3827898,관광식당,0,2010,10,20,2014,3,10,4,2014-03-10,2010-10-20
3827899,관광식당,0,2004,10,26,2014,5,9,10,2014-05-09,2004-10-26
3827900,관광식당,0,2002,12,26,2017,11,14,15,2017-11-14,2002-12-26
3827901,관광식당,0,2007,10,15,2014,9,3,7,2014-09-03,2007-10-15
3827902,관광식당,0,2007,6,7,2014,12,22,7,2014-12-22,2007-06-07
3827903,관광식당,1,2004,6,8,,,,,,2004-06-08
3827904,관광식당,1,2009,8,10,,,,,,2009-08-10
3827905,관광식당,1,2009,4,23,,,,,,2009-04-23
3827906,관광식당,1,2009,3,19,,,,,,2009-03-19
3827907,관광식당,1,2009,7,20,,,,,,2009-07-20
3827908,관광식당,1,2011,3,3,,,,,,2011-03-03
3827909,관광식당,1,2011,4,11,,,,,,2011-04-11
3827910,관광식당,1,2010,12,6,,,,,,2010-12-06
3827911,관광식당,1,2009,11,16,,,,,,2009-11-16
3827912,관광식당,1,2010,8,12,,,,,,2010-08-12
3827913,관광식당,1,2007,8,2,,,,,,2007-08-02
3827914,관광식당,1,2007,5,9,,,,,,2007-05-09
3827915,관광식당,1,2010,4,23,,,,,,2010-04-23
3827916,관광식당,1,2010,7,13,,,,,,2010-07-13
3827917,관광식당,1,2010,5,12,,,,,,2010-05-12
3827918,관광식당,1,2010,12,21,,,,,,2010-12-21
3827919,관광식당,1,2010,5,14,,,,,,2010-05-14
3827920,관광식당,1,2010,4,14,,,,,,2010-04-14
3827921,관광식당,1,2010,8,25,,,,,,2010-08-25
3827922,관광식당,1,1997,12,8,,,,,,1997-12-08
3827923,관광식당,1,2001,5,3,,,,,,2001-05-03
3827924,관광식당,1,2003,2,14,,,,,,2003-02-14
3827925,관광식당,1,2004,5,9,,,,,,2004-05-09
3827926,관광식당,1,2005,7,19,,,,,,2005-07-19
3827927,관광식당,1,2005,9,30,,,,,,2005-09-30
3827928,관광식당,1,2006,10,30,,,,,,2006-10-30
3827929,관광식당,1,2006,10,26,,,,,,2006-10-26
3827930,관광식당,1,2006,3,20,,,,,,2006-03-20
3827931,관광식당,1,2006,9,19,,,,,,2006-09-19
3827932,관광식당,1,2006,7,25,,,,,,2006-07-25
3827933,관광식당,1,2010,6,30,,,,,,2010-06-30
3827934,관광식당,0,2010,1,28,,,,,,2010-01-28
3827935,관광식당,0,2009,2,23,2014,5,14,5,2014-05-14,2009-02-23
3827936,관광식당,0,2009,9,28,2014,11,11,5,2014-11-11,2009-09-28
3827937,관광식당,0,2009,4,21,2014,10,8,5,2014-10-08,2009-04-21
3827938,관광식당,0,2008,1,21,2014,11,3,6,2014-11-03,2008-01-21
3827939,관광식당,0,2008,4,2,2016,2,28,8,2016-02-28,2008-04-02
3827940,관광식당,0,2008,6,12,2013,1,23,5,2013-01-23,2008-06-12
3827941,관광식당,0,2008,1,21,2014,12,22,6,2014-12-22,2008-01-21
3827942,관광식당,0,2007,7,9,2016,2,1,9,2016-02-01,2007-07-09
3827943,관광식당,0,2007,2,7,2011,10,27,4,2011-10-27,2007-02-07
3827944,관광식당,0,2009,2,23,2011,10,27,2,2011-10-27,2009-02-23
3827945,관광식당,0,2009,6,10,2013,12,24,4,2013-12-24,2009-06-10
3827946,관광식당,0,2009,2,5,2013,3,6,4,2013-03-06,2009-02-05
3827947,관광식당,0,2009,12,10,2015,3,2,6,2015-03-02,2009-12-10
3827948,관광식당,0,2009,9,7,2014,11,3,5,2014-11-03,2009-09-07
3827949,관광식당,0,2009,7,20,2014,10,8,5,2014-10-08,2009-07-20
3827950,관광식당,0,2010,2,16,2013,12,31,3,2013-12-31,2010-02-16
3827951,관광식당,0,2010,12,3,2015,8,27,5,2015-08-27,2010-12-03
3827952,관광식당,0,2010,9,14,2011,6,27,1,2011-06-27,2010-09-14
3827953,관광식당,0,2010,6,14,2015,8,25,5,2015-08-25,2010-06-14
3827954,관광식당,0,2008,1,7,2014,11,3,6,2014-11-03,2008-01-07
3827955,관광식당,0,2007,4,24,2014,11,3,7,2014-11-03,2007-04-24
3827956,관광식당,0,2007,4,24,2016,5,4,9,2016-05-04,2007-04-24
3827957,관광식당,0,2007,3,13,2014,10,8,7,2014-10-08,2007-03-13
3827958,관광식당,0,2010,6,14,2014,10,8,4,2014-10-08,2010-06-14
3827959,관광식당,0,2010,7,30,2011,7,18,1,2011-07-18,2010-07-30
3827960,관광식당,0,2010,10,21,2011,12,1,1,2011-12-01,2010-10-21
3827961,관광식당,0,2010,6,14,2012,3,14,2,2012-03-14,2010-06-14
3827962,관광식당,0,2010,5,25,2012,6,13,2,2012-06-13,2010-05-25
3827963,관광식당,0,2010,5,18,2013,1,16,3,2013-01-16,2010-05-18
3827964,관광식당,0,2010,3,23,2013,1,31,3,2013-01-31,2010-03-23
3827965,관광식당,0,2010,10,20,2014,2,10,4,2014-02-10,2010-10-20
3827966,관광식당,0,2010,5,25,2013,9,9,3,2013-09-09,2010-05-25
3827967,관광식당,0,2010,5,14,2015,8,25,5,2015-08-25,2010-05-14
3827968,관광식당,0,2010,12,31,2012,7,3,2,2012-07-03,2010-12-31
3827969,관광식당,0,2010,12,20,2013,12,31,3,2013-12-31,2010-12-20
3827970,관광식당,0,1999,12,11,2011,10,26,12,2011-10-26,1999-12-11
3827971,관광식당,0,2002,1,8,2013,12,31,11,2013-12-31,2002-01-08
3827972,관광식당,0,2003,12,30,2014,10,8,11,2014-10-08,2003-12-30
3827973,관광식당,0,2004,9,1,2014,10,8,10,2014-10-08,2004-09-01
3827974,관광식당,0,2005,6,28,2014,10,31,9,2014-10-31,2005-06-28
3827975,관광식당,0,2005,12,9,2012,7,9,7,2012-07-09,2005-12-09
3827976,관광식당,0,2006,5,16,2015,12,2,9,2015-12-02,2006-05-16
3827977,관광식당,0,2006,11,30,2016,2,5,10,2016-02-05,2006-11-30
3827978,관광식당,1,1996,10,28,,,,,,1996-10-28
3827979,관광식당,1,2007,1,18,,,,,,2007-01-18
3827980,관광식당,1,2007,6,7,,,,,,2007-06-07
3827981,관광식당,1,2007,10,24,,,,,,2007-10-24
3827982,관광식당,1,2007,3,13,,,,,,2007-03-13
3827983,관광식당,1,2008,11,12,,,,,,2008-11-12
3827984,관광식당,1,2008,5,16,,,,,,2008-05-16
3827985,관광식당,1,2008,7,25,,,,,,2008-07-25
3827986,관광식당,1,2008,7,15,,,,,,2008-07-15
3827987,관광식당,1,2008,3,5,,,,,,2008-03-05
3827988,관광식당,1,2008,9,22,,,,,,2008-09-22
3827989,관광식당,1,2008,10,20,,,,,,2008-10-20
3827990,관광식당,1,2007,3,13,,,,,,2007-03-13
3827991,관광식당,1,2017,9,18,,,,,,2017-09-18
3827992,관광식당,0,2012,10,2,2016,4,26,4,2016-04-26,2012-10-02
3827993,관광식당,0,1999,6,7,2002,9,26,3,2002-09-26,1999-06-07
3827994,관광식당,0,2002,11,25,2007,10,31,5,2007-10-31,2002-11-25
3827995,관광식당,0,2002,10,11,2003,3,14,1,2003-03-14,2002-10-11
3827996,관광식당,0,2002,7,4,2008,3,31,6,2008-03-31,2002-07-04
3827997,관광식당,0,1999,12,24,2004,11,11,5,2004-11-11,1999-12-24
3827998,관광식당,0,2000,1,13,2004,4,9,4,2004-04-09,2000-01-13
3827999,관광식당,0,2000,6,5,2007,3,31,7,2007-03-31,2000-06-05
3828000,관광식당,0,2000,9,9,2001,1,18,1,2001-01-18,2000-09-09
3828001,관광식당,0,2001,10,20,2004,3,31,3,2004-03-31,2001-10-20
3828002,관광식당,0,2002,3,14,2013,3,22,11,2013-03-22,2002-03-14
3828003,관광식당,0,2002,4,18,2004,6,2,2,2004-06-02,2002-04-18
3828004,관광식당,1,1996,7,2,,,,,,1996-07-02
3828005,관광식당,0,1999,8,31,2020,8,24,21,2020-08-24,1999-08-31
3828006,관광식당,0,2001,8,24,,,,,,2001-08-24
3828007,관광식당,0,1999,5,14,,,,,,1999-05-14
3828008,관광식당,0,2008,7,2,2021,2,1,13,2021-02-01,2008-07-02
3828009,관광식당,0,2010,4,6,,,,,,2010-04-06
3828010,관광식당,1,2011,4,15,,,,,,2011-04-15
3828011,관광식당,1,2004,10,14,,,,,,2004-10-14
3828012,관광식당,1,1998,11,30,,,,,,1998-11-30
3828013,관광식당,0,2007,3,28,2009,3,26,2,2009-03-26,2007-03-28
3828014,관광식당,1,2006,4,11,,,,,,2006-04-11
3828015,관광식당,1,2002,3,21,,,,,,2002-03-21
3828016,관광식당,1,2002,5,8,,,,,,2002-05-08
3828017,관광식당,1,2002,5,31,,,,,,2002-05-31
3828018,관광식당,1,2002,9,11,,,,,,2002-09-11
3828019,관광식당,1,2003,4,7,,,,,,2003-04-07
3828020,관광식당,1,2007,4,19,,,,,,2007-04-19
3828021,관광식당,1,2007,9,11,,,,,,2007-09-11
3828022,관광식당,1,2003,5,29,,,,,,2003-05-29
3828023,관광식당,1,2003,6,14,,,,,,2003-06-14
3828024,관광식당,1,2003,9,15,,,,,,2003-09-15
3828025,관광식당,1,2003,11,24,,,,,,2003-11-24
3828026,관광식당,1,2004,2,10,,,,,,2004-02-10
3828027,관광식당,1,2004,12,21,,,,,,2004-12-21
3828028,관광식당,1,2005,10,19,,,,,,2005-10-19
3828029,관광식당,1,2005,11,22,,,,,,2005-11-22
3828030,관광식당,1,2008,1,17,,,,,,2008-01-17
3828031,관광식당,1,2008,9,26,,,,,,2008-09-26
3828032,관광식당,1,2008,11,10,,,,,,2008-11-10
3828033,관광식당,1,1998,11,9,,,,,,1998-11-09
3828034,관광식당,1,2000,12,28,,,,,,2000-12-28
3828035,관광식당,1,2001,11,19,,,,,,2001-11-19
3828036,관광식당,1,2001,11,23,,,,,,2001-11-23
3828037,관광식당,1,2001,12,26,,,,,,2001-12-26
3828038,관광식당,1,2002,7,12,,,,,,2002-07-12
3828039,관광식당,1,2002,1,10,,,,,,2002-01-10
3828040,관광식당,1,2002,1,15,,,,,,2002-01-15
3828041,관광식당,1,2002,3,11,,,,,,2002-03-11
3828042,관광식당,1,2002,1,15,,,,,,2002-01-15
3828043,관광식당,1,2007,5,11,,,,,,2007-05-11
3828044,관광식당,1,2005,12,27,,,,,,2005-12-27
3828045,관광식당,1,2005,12,23,,,,,,2005-12-23
3828046,관광식당,1,2006,10,11,,,,,,2006-10-11
3828047,관광식당,1,2006,9,11,,,,,,2006-09-11
3828048,관광식당,1,2006,5,24,,,,,,2006-05-24
3828049,관광식당,1,2006,10,14,,,,,,2006-10-14
3828050,관광식당,1,2006,11,17,,,,,,2006-11-17
3828051,관광식당,1,2003,2,4,,,,,,2003-02-04
3828052,관광식당,1,2003,2,4,,,,,,2003-02-04
3828053,관광식당,1,2003,2,4,,,,,,2003-02-04
3828054,관광식당,1,2003,2,4,,,,,,2003-02-04
3828055,관광식당,1,2003,2,4,,,,,,2003-02-04
3828056,관광식당,1,2003,2,4,,,,,,2003-02-04
3828057,관광식당,1,2003,2,4,,,,,,2003-02-04
3828058,관광식당,1,2017,8,25,,,,,,2017-08-25
3828059,관광식당,0,2007,11,8,,,,,,2007-11-08
3828060,관광식당,0,2007,3,16,,,,,,2007-03-16
3828061,관광식당,0,2007,11,8,,,,,,2007-11-08
3828062,관광식당,1,2017,5,26,,,,,,2017-05-26
3828063,관광식당,1,2017,7,28,,,,,,2017-07-28
3828064,관광식당,1,2004,5,14,,,,,,2004-05-14
3828065,관광식당,1,2006,4,3,,,,,,2006-04-03
3828066,관광식당,1,2019,1,28,,,,,,2019-01-28
3828067,관광식당,0,2004,7,23,,,,,,2004-07-23
3828068,관광식당,0,2004,6,22,,,,,,2004-06-22
3828069,관광식당,0,2007,3,5,,,,,,2007-03-05
3828070,관광식당,1,2005,6,15,,,,,,2005-06-15
3828071,관광식당,1,2003,7,29,,,,,,2003-07-29
3828072,관광식당,0,2003,7,29,2006,2,2,3,2006-02-02,2003-07-29
3828073,관광식당,1,2018,3,6,,,,,,2018-03-06
3828074,관광식당,1,2020,5,20,,,,,,2020-05-20
3828075,관광식당,1,2008,11,4,,,,,,2008-11-04
3828076,관광식당,1,2009,10,15,,,,,,2009-10-15
3828077,관광식당,0,2008,4,4,,,,,,2008-04-04
3828078,관광식당,0,2008,12,1,,,,,,2008-12-01
3828079,관광식당,0,2011,1,17,2021,12,24,10,2021-12-24,2011-01-17
3828080,관광식당,0,2004,4,28,2004,11,12,0,2004-11-12,2004-04-28
3828081,관광식당,1,2010,4,19,,,,,,2010-04-19
3828082,관광식당,1,2010,3,25,,,,,,2010-03-25
3828083,관광식당,1,2009,3,16,,,,,,2009-03-16
3828084,관광식당,1,2010,11,2,,,,,,2010-11-02
3828085,관광식당,1,2018,3,20,,,,,,2018-03-20
3828086,관광식당,1,2018,10,25,,,,,,2018-10-25
3828087,관광식당,0,2011,5,16,2012,8,30,1,2012-08-30,2011-05-16
3828088,관광식당,0,2013,3,12,2015,1,25,2,2015-01-25,2013-03-12
3828089,관광식당,0,2008,11,26,2012,8,30,4,2012-08-30,2008-11-26
3828090,관광식당,1,2010,2,12,,,,,,2010-02-12
3828091,관광식당,1,2018,8,21,,,,,,2018-08-21
3828092,관광식당,1,2001,12,6,,,,,,2001-12-06
3828093,관광식당,1,2005,7,18,,,,,,2005-07-18
3828094,관광식당,1,2003,3,25,,,,,,2003-03-25
3828095,관광식당,1,2003,3,25,,,,,,2003-03-25
3828096,관광식당,1,2003,3,25,,,,,,2003-03-25
3828097,관광식당,1,2007,3,9,,,,,,2007-03-09
3828098,관광식당,1,2005,10,12,,,,,,2005-10-12
3828099,관광식당,0,2011,4,18,,,,,,2011-04-18
3828100,관광식당,0,2001,6,13,,,,,,2001-06-13
3828101,관광식당,0,2007,3,9,,,,,,2007-03-09
3828102,관광식당,0,2001,11,15,,,,,,2001-11-15
3828103,관광식당,0,2008,4,7,,,,,,2008-04-07
3828104,관광식당,0,2007,9,5,,,,,,2007-09-05
3828105,관광식당,0,1997,8,18,2014,11,28,17,2014-11-28,1997-08-18
3828106,관광식당,1,2008,12,31,,,,,,2008-12-31
3828107,관광식당,1,2009,12,24,,,,,,2009-12-24
3828108,관광식당,1,2010,6,1,,,,,,2010-06-01
3828109,관광식당,0,2005,3,24,,,,,,2005-03-24
3828110,관광식당,1,2011,6,7,,,,,,2011-06-07
3828111,관광식당,1,2011,6,7,,,,,,2011-06-07
3828112,관광식당,1,2002,12,27,,,,,,2002-12-27
3828113,관광식당,1,2010,10,13,,,,,,2010-10-13
3828114,관광식당,1,2017,3,20,,,,,,2017-03-20
3828115,관광식당,1,2012,8,17,,,,,,2012-08-17
3828116,관광식당,1,2011,12,26,,,,,,2011-12-26
3828117,관광식당,1,2011,5,16,,,,,,2011-05-16
3828118,관광식당,1,2011,2,1,,,,,,2011-02-01
3828119,관광식당,1,2010,10,20,,,,,,2010-10-20
3828120,관광식당,1,2010,10,20,,,,,,2010-10-20
3828121,관광식당,0,2013,12,12,,,,,,2013-12-12
3828122,관광식당,1,2008,10,23,,,,,,2008-10-23
3828123,관광식당,1,2006,4,4,,,,,,2006-04-04
3828124,관광식당,1,2005,6,27,,,,,,2005-06-27
3828125,관광식당,1,2002,10,25,,,,,,2002-10-25
3828126,관광식당,1,1998,6,26,,,,,,1998-06-26
3828127,관광식당,1,2009,6,10,,,,,,2009-06-10
3828128,관광식당,1,2008,9,24,,,,,,2008-09-24
3828129,관광식당,1,2009,9,8,,,,,,2009-09-08
3828130,관광식당,0,2005,12,29,,,,,,2005-12-29
3828131,관광식당,0,2001,3,9,,,,,,2001-03-09
3828132,관광식당,1,2010,1,15,,,,,,2010-01-15
3828133,관광식당,1,1988,9,13,,,,,,1988-09-13
3828134,관광식당,1,2000,10,15,,,,,,2000-10-15
3828135,관광식당,1,2010,4,15,,,,,,2010-04-15
3828136,관광식당,1,2016,11,15,,,,,,2016-11-15
3828137,관광식당,1,2020,3,12,,,,,,2020-03-12
3828138,관광식당,0,2003,5,3,2004,6,7,1,2004-06-07,2003-05-03
3828139,관광식당,1,2010,12,21,,,,,,2010-12-21
3828140,관광식당,1,2004,7,19,,,,,,2004-07-19
3828141,관광식당,1,2003,6,16,,,,,,2003-06-16
3828142,관광식당,1,2001,8,20,,,,,,2001-08-20
3828143,관광식당,1,2003,3,4,,,,,,2003-03-04
3828144,관광식당,1,2003,3,4,,,,,,2003-03-04
3828145,관광식당,1,2003,3,4,,,,,,2003-03-04
3828146,관광식당,1,2003,3,4,,,,,,2003-03-04
3828147,관광식당,1,2016,12,12,,,,,,2016-12-12
3828148,관광식당,1,2018,12,10,,,,,,2018-12-10
3828149,관광식당,0,2006,10,11,,,,,,2006-10-11
3828150,관광식당,0,2014,5,27,2014,12,29,0,2014-12-29,2014-05-27
3828151,관광식당,1,2020,11,24,,,,,,2020-11-24
3828152,관광식당,0,1996,3,12,2015,9,21,19,2015-09-21,1996-03-12
3828153,관광식당,0,2008,7,2,,,,,,2008-07-02
3828154,관광식당,0,2011,2,16,,,,,,2011-02-16
3828155,관광식당,0,2008,10,22,,,,,,2008-10-22
3828156,관광식당,0,2011,5,4,,,,,,2011-05-04
3828157,관광식당,0,2010,12,3,,,,,,2010-12-03
3828158,관광식당,1,2022,7,29,,,,,,2022-07-29
3828159,관광식당,1,2022,12,7,,,,,,2022-12-07
3828160,관광식당,0,2020,7,21,2022,7,1,2,2022-07-01,2020-07-21
3828161,관광식당,0,2013,12,19,,,,,,2013-12-19
3828162,관광식당,1,2022,8,18,,,,,,2022-08-18
3828163,관광식당,1,2016,7,29,,,,,,2016-07-29
3828164,관광식당,1,2022,10,25,,,,,,2022-10-25
3828165,관광식당,1,2022,10,4,,,,,,2022-10-04
3828166,관광식당,1,2015,10,6,,,,,,2015-10-06
3828167,관광식당,1,2008,11,4,,,,,,2008-11-04
3828168,관광식당,1,2010,6,14,,,,,,2010-06-14
3828169,관광식당,1,2019,2,28,,,,,,2019-02-28
3828170,관광식당,1,2021,5,27,,,,,,2021-05-27
3828171,관광식당,1,2016,11,18,,,,,,2016-11-18
3828172,관광식당,1,2016,11,16,,,,,,2016-11-16
3828173,관광식당,1,2022,7,7,,,,,,2022-07-07
3828174,관광식당,1,2021,9,14,,,,,,2021-09-14
3828175,관광식당,0,2005,9,20,,,,,,2005-09-20
3828176,관광식당,0,2007,5,14,,,,,,2007-05-14
3828177,관광식당,0,2015,9,24,,,,,,2015-09-24
3828178,관광식당,0,2017,5,15,,,,,,2017-05-15
3828179,관광식당,0,2001,9,19,2010,3,11,9,2010-03-11,2001-09-19
3828180,관광식당,0,2002,2,1,2010,3,11,8,2010-03-11,2002-02-01
3828181,관광식당,0,2018,8,10,2021,4,16,3,2021-04-16,2018-08-10
3828182,관광식당,0,2019,4,22,2021,4,16,2,2021-04-16,2019-04-22
3828183,관광식당,1,2007,9,7,,,,,,2007-09-07
3828184,관광식당,1,2007,4,27,,,,,,2007-04-27
3828185,관광식당,1,2009,2,6,,,,,,2009-02-06
3828186,관광식당,1,2013,2,27,,,,,,2013-02-27
3828187,관광식당,1,2013,4,18,,,,,,2013-04-18
3828188,관광식당,1,2014,6,11,,,,,,2014-06-11
3828189,관광식당,1,2015,11,23,,,,,,2015-11-23
3828190,관광식당,1,2016,9,27,,,,,,2016-09-27
3828191,관광식당,1,2016,12,13,,,,,,2016-12-13
3828192,관광식당,1,2017,12,1,,,,,,2017-12-01
3828193,관광식당,1,2017,7,3,,,,,,2017-07-03
3828194,관광식당,1,2017,1,23,,,,,,2017-01-23
3828195,관광식당,1,2017,7,31,,,,,,2017-07-31
3828196,관광식당,1,2018,4,27,,,,,,2018-04-27
3828197,관광식당,1,2018,6,28,,,,,,2018-06-28
3828198,관광식당,1,2021,1,21,,,,,,2021-01-21
3828199,관광식당,1,2021,6,24,,,,,,2021-06-24
3828200,관광식당,1,2018,8,13,,,,,,2018-08-13
3828201,관광식당,1,2018,9,12,,,,,,2018-09-12
3828202,관광식당,1,2018,12,11,,,,,,2018-12-11
3828203,관광식당,1,2018,7,26,,,,,,2018-07-26
3828204,관광식당,1,2018,12,11,,,,,,2018-12-11
3828205,관광식당,1,2019,2,7,,,,,,2019-02-07
3828206,관광식당,1,2019,3,7,,,,,,2019-03-07
3828207,관광식당,1,2019,3,7,,,,,,2019-03-07
3828208,관광식당,1,2019,7,16,,,,,,2019-07-16
3828209,관광식당,1,2019,10,31,,,,,,2019-10-31
3828210,관광식당,1,2020,2,18,,,,,,2020-02-18
3828211,관광식당,1,2020,3,25,,,,,,2020-03-25
3828212,관광식당,1,2020,8,24,,,,,,2020-08-24
3828213,관광식당,1,2020,9,11,,,,,,2020-09-11
3828214,관광식당,1,2020,11,24,,,,,,2020-11-24
3828215,관광식당,1,2020,9,11,,,,,,2020-09-11
3828216,관광식당,1,2020,10,29,,,,,,2020-10-29
3828217,관광식당,1,2022,2,4,,,,,,2022-02-04
3828218,관광식당,1,2021,12,13,,,,,,2021-12-13
3828219,관광식당,1,2021,12,15,,,,,,2021-12-15
3828220,관광식당,1,2021,10,1,,,,,,2021-10-01
3828221,관광식당,1,2022,6,2,,,,,,2022-06-02
3828222,관광식당,1,2008,5,13,,,,,,2008-05-13
3828223,관광식당,1,2008,4,7,,,,,,2008-04-07
3828224,관광식당,1,1997,2,11,,,,,,1997-02-11
