,개방서비스명,영업상태(0=폐업),open_year,open_month,open_day,close_year,close_month,close_day,존속년도,폐업시기,개업시기
977151,관광극장유흥업,0,2004,12,14,,,,,,2004-12-14
977152,관광극장유흥업,0,2011,4,11,2016,9,29,5,2016-09-29,2011-04-11
977153,관광극장유흥업,0,2010,2,10,2016,4,22,6,2016-04-22,2010-02-10
977154,관광극장유흥업,0,2010,7,9,2010,12,7,0,2010-12-07,2010-07-09
977155,관광극장유흥업,0,2015,3,24,,,,,,2015-03-24
977156,관광극장유흥업,1,2009,1,29,,,,,,2009-01-29
977157,관광극장유흥업,1,2000,6,5,,,,,,2000-06-05
977158,관광극장유흥업,0,2000,9,25,2019,4,22,19,2019-04-22,2000-09-25
977159,관광극장유흥업,0,2008,8,11,2022,7,20,14,2022-07-20,2008-08-11
977160,관광극장유흥업,0,2012,5,1,2020,5,29,8,2020-05-29,2012-05-01
977161,관광극장유흥업,1,2011,2,15,,,,,,2011-02-15
977162,관광극장유흥업,1,2008,12,3,,,,,,2008-12-03
977163,관광극장유흥업,1,2008,11,24,,,,,,2008-11-24
977164,관광극장유흥업,1,2008,11,7,,,,,,2008-11-07
977165,관광극장유흥업,1,2002,6,21,,,,,,2002-06-21
977166,관광극장유흥업,1,2002,6,21,,,,,,2002-06-21
977167,관광극장유흥업,1,1998,11,13,,,,,,1998-11-13
977168,관광극장유흥업,1,2002,6,4,,,,,,2002-06-04
977169,관광극장유흥업,1,2014,6,30,,,,,,2014-06-30
977170,관광극장유흥업,0,2013,1,3,2022,8,19,9,2022-08-19,2013-01-03
977171,관광극장유흥업,0,2016,11,14,2018,1,2,2,2018-01-02,2016-11-14
977172,관광극장유흥업,0,2011,7,8,2017,4,7,6,2017-04-07,2011-07-08
977173,관광극장유흥업,1,2009,10,6,,,,,,2009-10-06
977174,관광극장유흥업,1,2015,7,30,,,,,,2015-07-30
977175,관광극장유흥업,1,2015,4,2,,,,,,2015-04-02
977176,관광극장유흥업,1,2013,4,12,,,,,,2013-04-12
977177,관광극장유흥업,0,2015,12,14,2019,8,22,4,2019-08-22,2015-12-14
977178,관광극장유흥업,0,2014,6,17,2015,6,4,1,2015-06-04,2014-06-17
977179,관광극장유흥업,0,2001,2,6,2019,8,16,18,2019-08-16,2001-02-06
977180,관광극장유흥업,1,1998,8,20,,,,,,1998-08-20
977181,관광극장유흥업,1,1999,5,20,,,,,,1999-05-20
977182,관광극장유흥업,1,2003,10,6,,,,,,2003-10-06
977183,관광극장유흥업,1,2014,5,28,,,,,,2014-05-28
977184,관광극장유흥업,0,2010,1,7,2011,5,16,1,2011-05-16,2010-01-07
977185,관광극장유흥업,0,2002,12,12,2022,6,29,20,2022-06-29,2002-12-12
977186,관광극장유흥업,1,2010,3,22,,,,,,2010-03-22
977187,관광극장유흥업,0,2008,6,27,2016,1,29,8,2016-01-29,2008-06-27
977188,관광극장유흥업,0,2013,12,5,2021,5,12,8,2021-05-12,2013-12-05
977189,관광극장유흥업,0,2010,10,15,2021,5,12,11,2021-05-12,2010-10-15
977190,관광극장유흥업,0,2006,11,24,2015,9,7,9,2015-09-07,2006-11-24
977191,관광극장유흥업,1,2016,10,4,,,,,,2016-10-04
977192,관광극장유흥업,0,2002,1,16,2018,12,2,16,2018-12-02,2002-01-16
977193,관광극장유흥업,1,2013,8,22,,,,,,2013-08-22
977194,관광극장유흥업,0,2006,7,31,2013,9,2,7,2013-09-02,2006-07-31
977195,관광극장유흥업,0,2007,3,22,2018,3,16,11,2018-03-16,2007-03-22
977196,관광극장유흥업,0,2009,6,25,2012,2,1,3,2012-02-01,2009-06-25
977197,관광극장유흥업,0,2011,6,20,2017,4,30,6,2017-04-30,2011-06-20
977198,관광극장유흥업,1,2009,6,29,,,,,,2009-06-29
977199,관광극장유흥업,1,2018,8,23,,,,,,2018-08-23
977200,관광극장유흥업,1,2012,11,20,,,,,,2012-11-20
977201,관광극장유흥업,0,2009,3,24,,,,,,2009-03-24
977202,관광극장유흥업,0,2003,4,7,,,,,,2003-04-07
977203,관광극장유흥업,0,2003,4,10,,,,,,2003-04-10
977204,관광극장유흥업,0,2003,4,7,2020,7,1,17,2020-07-01,2003-04-07
977205,관광극장유흥업,1,2010,7,23,,,,,,2010-07-23
977206,관광극장유흥업,0,2012,10,24,,,,,,2012-10-24
977207,관광극장유흥업,0,2014,1,15,2016,3,25,2,2016-03-25,2014-01-15
977208,관광극장유흥업,1,2002,1,3,,,,,,2002-01-03
977209,관광극장유흥업,0,2010,3,10,2016,3,10,6,2016-03-10,2010-03-10
977210,관광극장유흥업,1,2001,3,22,,,,,,2001-03-22
977211,관광극장유흥업,1,2004,4,6,,,,,,2004-04-06
977212,관광극장유흥업,1,2002,2,6,,,,,,2002-02-06
977213,관광극장유흥업,1,2011,2,10,,,,,,2011-02-10
977214,관광극장유흥업,0,2010,10,8,2018,4,30,8,2018-04-30,2010-10-08
977215,관광극장유흥업,1,2013,4,4,,,,,,2013-04-04
977216,관광극장유흥업,0,2013,2,6,2015,4,24,2,2015-04-24,2013-02-06
977217,관광극장유흥업,1,2005,1,3,,,,,,2005-01-03
977218,관광극장유흥업,1,2010,11,22,,,,,,2010-11-22
977219,관광극장유흥업,1,2015,7,14,,,,,,2015-07-14
977220,관광극장유흥업,0,2009,8,7,2017,12,31,8,2017-12-31,2009-08-07
977221,관광극장유흥업,0,2000,1,17,2012,11,8,12,2012-11-08,2000-01-17
977222,관광극장유흥업,0,2003,10,6,2020,5,26,17,2020-05-26,2003-10-06
977223,관광극장유흥업,0,2005,11,9,2012,8,21,7,2012-08-21,2005-11-09
977224,관광극장유흥업,0,2008,11,25,2011,3,24,3,2011-03-24,2008-11-25
977225,관광극장유흥업,1,2006,6,2,,,,,,2006-06-02
977226,관광극장유흥업,1,2003,9,25,,,,,,2003-09-25
977227,관광극장유흥업,1,2011,12,5,,,,,,2011-12-05
977228,관광극장유흥업,1,2001,2,1,,,,,,2001-02-01
977229,관광극장유흥업,1,2001,11,10,,,,,,2001-11-10
977230,관광극장유흥업,1,2002,10,30,,,,,,2002-10-30
977231,관광극장유흥업,1,2002,6,18,,,,,,2002-06-18
977232,관광극장유흥업,1,2004,1,7,,,,,,2004-01-07
977233,관광극장유흥업,0,2002,10,23,2016,3,22,14,2016-03-22,2002-10-23
977234,관광극장유흥업,1,2012,9,6,,,,,,2012-09-06
977235,관광극장유흥업,0,2001,8,1,2013,1,7,12,2013-01-07,2001-08-01
977236,관광극장유흥업,0,2010,4,19,,,,,,2010-04-19
977237,관광극장유흥업,0,2010,2,8,,,,,,2010-02-08
977238,관광극장유흥업,0,2008,6,17,,,,,,2008-06-17
977239,관광극장유흥업,0,2000,11,8,,,,,,2000-11-08
977240,관광극장유흥업,0,1983,5,31,,,,,,1983-05-31
977241,관광극장유흥업,0,2012,8,3,,,,,,2012-08-03
977242,관광극장유흥업,0,2003,12,2,2014,2,11,11,2014-02-11,2003-12-02
977243,관광극장유흥업,0,2003,12,2,,,,,,2003-12-02
977244,관광극장유흥업,0,2003,12,2,2014,2,4,11,2014-02-04,2003-12-02
977245,관광극장유흥업,1,2010,10,7,,,,,,2010-10-07
977246,관광극장유흥업,0,2003,12,2,2014,2,20,11,2014-02-20,2003-12-02
977247,관광극장유흥업,0,2003,2,10,2016,4,14,13,2016-04-14,2003-02-10
977248,관광극장유흥업,1,2014,1,18,,,,,,2014-01-18
977249,관광극장유흥업,0,2013,10,29,2017,11,30,4,2017-11-30,2013-10-29
977250,관광극장유흥업,0,2010,10,7,2012,5,1,2,2012-05-01,2010-10-07
977251,관광극장유흥업,1,2013,6,4,,,,,,2013-06-04
977252,관광극장유흥업,1,2004,8,24,,,,,,2004-08-24
977253,관광극장유흥업,1,2010,12,29,,,,,,2010-12-29
977254,관광극장유흥업,1,2002,7,19,,,,,,2002-07-19
977255,관광극장유흥업,1,2010,7,6,,,,,,2010-07-06
977256,관광극장유흥업,1,2010,7,7,,,,,,2010-07-07
977257,관광극장유흥업,0,2000,11,22,2017,1,2,17,2017-01-02,2000-11-22
977258,관광극장유흥업,0,2001,3,23,,,,,,2001-03-23
977259,관광극장유흥업,1,2004,2,26,,,,,,2004-02-26
977260,관광극장유흥업,1,2014,4,2,,,,,,2014-04-02
977261,관광극장유흥업,1,2014,12,5,,,,,,2014-12-05
977262,관광극장유흥업,0,2005,11,9,2021,5,31,16,2021-05-31,2005-11-09
977263,관광극장유흥업,0,2010,6,1,2013,8,9,3,2013-08-09,2010-06-01
977264,관광극장유흥업,0,2001,8,17,2010,3,15,9,2010-03-15,2001-08-17
977265,관광극장유흥업,0,2005,11,18,,,,,,2005-11-18
977266,관광극장유흥업,1,2007,11,7,,,,,,2007-11-07
977267,관광극장유흥업,0,2009,12,9,2010,4,16,1,2010-04-16,2009-12-09
977268,관광극장유흥업,1,2001,3,14,,,,,,2001-03-14
977269,관광극장유흥업,1,2014,9,22,,,,,,2014-09-22
977270,관광극장유흥업,1,2017,11,17,,,,,,2017-11-17
977271,관광극장유흥업,0,2004,1,7,2016,11,10,12,2016-11-10,2004-01-07
977272,관광극장유흥업,1,2006,1,24,,,,,,2006-01-24
977273,관광극장유흥업,1,2015,9,11,,,,,,2015-09-11
977274,관광극장유흥업,1,2006,12,28,,,,,,2006-12-28
977275,관광극장유흥업,1,2001,9,28,,,,,,2001-09-28
977276,관광극장유흥업,1,2010,1,28,,,,,,2010-01-28
977277,관광극장유흥업,1,2002,4,25,,,,,,2002-04-25
977278,관광극장유흥업,1,2003,12,8,,,,,,2003-12-08
977279,관광극장유흥업,1,2016,7,26,,,,,,2016-07-26
977280,관광극장유흥업,0,2015,11,17,2019,7,10,4,2019-07-10,2015-11-17
977281,관광극장유흥업,1,2019,7,10,,,,,,2019-07-10
977282,관광극장유흥업,1,2009,10,14,,,,,,2009-10-14
977283,관광극장유흥업,1,2016,6,13,,,,,,2016-06-13
977284,관광극장유흥업,1,2007,2,22,,,,,,2007-02-22
977285,관광극장유흥업,0,2011,10,25,2013,4,18,2,2013-04-18,2011-10-25
977286,관광극장유흥업,1,2011,10,17,,,,,,2011-10-17
977287,관광극장유흥업,1,2016,8,17,,,,,,2016-08-17
977288,관광극장유흥업,0,2002,5,20,2015,11,30,13,2015-11-30,2002-05-20
977289,관광극장유흥업,0,2005,9,27,2017,5,17,12,2017-05-17,2005-09-27
977290,관광극장유흥업,0,2010,12,22,2014,3,10,4,2014-03-10,2010-12-22
977291,관광극장유흥업,1,2014,3,17,,,,,,2014-03-17
977292,관광극장유흥업,1,2012,5,29,,,,,,2012-05-29
977293,관광극장유흥업,1,2007,4,20,,,,,,2007-04-20
977294,관광극장유흥업,1,2009,11,26,,,,,,2009-11-26
977295,관광극장유흥업,0,2005,11,15,2007,3,28,2,2007-03-28,2005-11-15
977296,관광극장유흥업,0,2003,1,14,,,,,,2003-01-14
977297,관광극장유흥업,1,2013,10,28,,,,,,2013-10-28
977298,관광극장유흥업,0,2013,7,23,2020,3,23,7,2020-03-23,2013-07-23
977299,관광극장유흥업,1,2019,7,10,,,,,,2019-07-10
977300,관광극장유흥업,0,2016,8,1,2021,2,2,5,2021-02-02,2016-08-01
977301,관광극장유흥업,1,2013,10,28,,,,,,2013-10-28
977302,관광극장유흥업,0,2010,6,21,2016,9,20,6,2016-09-20,2010-06-21
977303,관광극장유흥업,1,2015,1,26,,,,,,2015-01-26
977304,관광극장유흥업,1,2012,11,12,,,,,,2012-11-12
977305,관광극장유흥업,0,2003,2,21,2011,11,23,8,2011-11-23,2003-02-21
977306,관광극장유흥업,0,2005,6,17,2014,4,1,9,2014-04-01,2005-06-17
977307,관광극장유흥업,1,2016,5,16,,,,,,2016-05-16
977308,관광극장유흥업,0,2011,1,24,,,,,,2011-01-24
977309,관광극장유흥업,0,2008,5,29,,,,,,2008-05-29
977310,관광극장유흥업,1,2000,7,19,,,,,,2000-07-19
977311,관광극장유흥업,0,2019,4,4,2021,12,31,2,2021-12-31,2019-04-04
977312,관광극장유흥업,0,2014,11,27,2018,7,31,4,2018-07-31,2014-11-27
977313,관광극장유흥업,1,2022,9,22,,,,,,2022-09-22
977314,관광극장유흥업,1,2014,5,8,,,,,,2014-05-08
977315,관광극장유흥업,1,2011,3,24,,,,,,2011-03-24
977316,관광극장유흥업,0,2002,5,3,,,,,,2002-05-03
977317,관광극장유흥업,0,2012,9,27,,,,,,2012-09-27
977318,관광극장유흥업,1,2012,10,5,,,,,,2012-10-05
977319,관광극장유흥업,1,2011,12,5,,,,,,2011-12-05
977320,관광극장유흥업,1,2000,11,28,,,,,,2000-11-28
977321,관광극장유흥업,1,2007,7,11,,,,,,2007-07-11
977322,관광극장유흥업,1,2004,1,20,,,,,,2004-01-20
977323,관광극장유흥업,1,2004,6,14,,,,,,2004-06-14
977324,관광극장유흥업,1,2003,6,10,,,,,,2003-06-10
977325,관광극장유흥업,0,2011,3,29,,,,,,2011-03-29
977326,관광극장유흥업,1,2013,8,13,,,,,,2013-08-13
977327,관광극장유흥업,0,2006,7,24,2013,8,12,7,2013-08-12,2006-07-24
977328,관광극장유흥업,1,2003,5,15,,,,,,2003-05-15
977329,관광극장유흥업,0,2008,8,7,2021,12,2,13,2021-12-02,2008-08-07
977330,관광극장유흥업,1,2016,11,21,,,,,,2016-11-21
977331,관광극장유흥업,1,2002,9,6,,,,,,2002-09-06
977332,관광극장유흥업,1,2013,11,21,,,,,,2013-11-21
