,개방서비스명,영업상태(0=폐업),open_year,open_month,open_day,close_year,close_month,close_day,존속년도,폐업시기,개업시기
989678,국제회의기획업,1,2011,11,15,,,,,,2011-11-15
989679,국제회의기획업,1,2007,8,20,,,,,,2007-08-20
989680,국제회의기획업,1,2021,5,3,,,,,,2021-05-03
989681,국제회의기획업,1,2021,5,13,,,,,,2021-05-13
989682,국제회의기획업,1,2020,11,9,,,,,,2020-11-09
989683,국제회의기획업,1,2018,4,26,,,,,,2018-04-26
989684,국제회의기획업,1,2011,7,28,,,,,,2011-07-28
989685,국제회의기획업,1,2022,4,11,,,,,,2022-04-11
989686,국제회의기획업,1,2018,4,11,,,,,,2018-04-11
989687,국제회의기획업,1,2014,1,23,,,,,,2014-01-23
989688,국제회의기획업,1,1991,12,30,,,,,,1991-12-30
989689,국제회의기획업,1,1994,1,25,,,,,,1994-01-25
989690,국제회의기획업,1,2018,12,21,,,,,,2018-12-21
989691,국제회의기획업,1,2015,3,17,,,,,,2015-03-17
989692,국제회의기획업,1,2019,5,18,,,,,,2019-05-18
989693,국제회의기획업,1,2015,6,29,,,,,,2015-06-29
989694,국제회의기획업,1,2019,11,21,,,,,,2019-11-21
989695,국제회의기획업,1,2022,4,1,,,,,,2022-04-01
989696,국제회의기획업,1,2015,7,3,,,,,,2015-07-03
989697,국제회의기획업,1,2022,3,21,,,,,,2022-03-21
989698,국제회의기획업,1,2018,10,1,,,,,,2018-10-01
989699,국제회의기획업,1,2021,12,8,,,,,,2021-12-08
989700,국제회의기획업,1,2022,11,14,,,,,,2022-11-14
989701,국제회의기획업,0,2015,4,29,2019,12,18,4,2019-12-18,2015-04-29
989702,국제회의기획업,0,2014,5,14,2014,7,23,0,2014-07-23,2014-05-14
989703,국제회의기획업,0,1989,9,7,2005,10,21,16,2005-10-21,1989-09-07
989704,국제회의기획업,1,2011,7,18,,,,,,2011-07-18
989705,국제회의기획업,1,2014,3,31,,,,,,2014-03-31
989706,국제회의기획업,1,2016,5,24,,,,,,2016-05-24
989707,국제회의기획업,1,2016,9,1,,,,,,2016-09-01
989708,국제회의기획업,1,2016,12,2,,,,,,2016-12-02
989709,국제회의기획업,1,2017,3,2,,,,,,2017-03-02
989710,국제회의기획업,1,2017,3,3,,,,,,2017-03-03
989711,국제회의기획업,1,2007,6,15,,,,,,2007-06-15
989712,국제회의기획업,1,2018,6,26,,,,,,2018-06-26
989713,국제회의기획업,1,2010,12,30,,,,,,2010-12-30
989714,국제회의기획업,1,2009,7,28,,,,,,2009-07-28
989715,국제회의기획업,1,2010,6,21,,,,,,2010-06-21
989716,국제회의기획업,1,1996,4,2,,,,,,1996-04-02
989717,국제회의기획업,1,2002,1,23,,,,,,2002-01-23
989718,국제회의기획업,1,2003,4,17,,,,,,2003-04-17
989719,국제회의기획업,1,2003,7,7,,,,,,2003-07-07
989720,국제회의기획업,1,2015,5,29,,,,,,2015-05-29
989721,국제회의기획업,1,2013,9,25,,,,,,2013-09-25
989722,국제회의기획업,1,2015,11,24,,,,,,2015-11-24
989723,국제회의기획업,1,2015,12,4,,,,,,2015-12-04
989724,국제회의기획업,1,2022,6,29,,,,,,2022-06-29
989725,국제회의기획업,1,2013,9,25,,,,,,2013-09-25
989726,국제회의기획업,1,2018,7,24,,,,,,2018-07-24
989727,국제회의기획업,1,2010,4,13,,,,,,2010-04-13
989728,국제회의기획업,1,2010,4,14,,,,,,2010-04-14
989729,국제회의기획업,1,2010,8,20,,,,,,2010-08-20
989730,국제회의기획업,1,2016,10,24,,,,,,2016-10-24
989731,국제회의기획업,1,2017,1,4,,,,,,2017-01-04
989732,국제회의기획업,1,2017,4,11,,,,,,2017-04-11
989733,국제회의기획업,1,2001,8,29,,,,,,2001-08-29
989734,국제회의기획업,1,2017,5,19,,,,,,2017-05-19
989735,국제회의기획업,1,2010,5,31,,,,,,2010-05-31
989736,국제회의기획업,1,2013,3,19,,,,,,2013-03-19
989737,국제회의기획업,1,2008,4,14,,,,,,2008-04-14
989738,국제회의기획업,1,2012,6,21,,,,,,2012-06-21
989739,국제회의기획업,1,2016,6,15,,,,,,2016-06-15
989740,국제회의기획업,1,2007,5,21,,,,,,2007-05-21
989741,국제회의기획업,1,1988,6,9,,,,,,1988-06-09
989742,국제회의기획업,1,1991,9,2,,,,,,1991-09-02
989743,국제회의기획업,1,1991,10,4,,,,,,1991-10-04
989744,국제회의기획업,1,2001,8,13,,,,,,2001-08-13
989745,국제회의기획업,1,2015,4,1,,,,,,2015-04-01
989746,국제회의기획업,1,2009,7,8,,,,,,2009-07-08
989747,국제회의기획업,1,2013,1,14,,,,,,2013-01-14
989748,국제회의기획업,1,2021,12,24,,,,,,2021-12-24
989749,국제회의기획업,1,2021,5,17,,,,,,2021-05-17
989750,국제회의기획업,1,2021,6,4,,,,,,2021-06-04
989751,국제회의기획업,1,2015,9,23,,,,,,2015-09-23
989752,국제회의기획업,1,2017,1,9,,,,,,2017-01-09
989753,국제회의기획업,1,2021,2,24,,,,,,2021-02-24
989754,국제회의기획업,1,2022,8,1,,,,,,2022-08-01
989755,국제회의기획업,1,2020,4,24,,,,,,2020-04-24
989756,국제회의기획업,1,2008,12,16,,,,,,2008-12-16
989757,국제회의기획업,1,2009,2,26,,,,,,2009-02-26
989758,국제회의기획업,1,2009,5,22,,,,,,2009-05-22
989759,국제회의기획업,1,2007,9,3,,,,,,2007-09-03
989760,국제회의기획업,1,2018,3,16,,,,,,2018-03-16
989761,국제회의기획업,1,2019,6,3,,,,,,2019-06-03
989762,국제회의기획업,1,2019,5,13,,,,,,2019-05-13
989763,국제회의기획업,1,2019,5,31,,,,,,2019-05-31
989764,국제회의기획업,1,2015,5,15,,,,,,2015-05-15
989765,국제회의기획업,1,2019,10,7,,,,,,2019-10-07
989766,국제회의기획업,1,2010,3,19,,,,,,2010-03-19
989767,국제회의기획업,1,2022,4,5,,,,,,2022-04-05
989768,국제회의기획업,1,2014,5,9,,,,,,2014-05-09
989769,국제회의기획업,1,2020,2,14,,,,,,2020-02-14
989770,국제회의기획업,1,1999,12,29,,,,,,1999-12-29
989771,국제회의기획업,1,2009,2,17,,,,,,2009-02-17
989772,국제회의기획업,1,2015,11,12,,,,,,2015-11-12
989773,국제회의기획업,1,2020,4,28,,,,,,2020-04-28
989774,국제회의기획업,1,2020,7,28,,,,,,2020-07-28
989775,국제회의기획업,1,2021,8,9,,,,,,2021-08-09
989776,국제회의기획업,1,2020,5,27,,,,,,2020-05-27
989777,국제회의기획업,0,2000,4,21,2009,5,19,9,2009-05-19,2000-04-21
989778,국제회의기획업,0,2001,7,24,2008,1,2,7,2008-01-02,2001-07-24
989779,국제회의기획업,0,2013,4,10,2020,8,24,7,2020-08-24,2013-04-10
989780,국제회의기획업,0,2016,12,14,2022,7,14,6,2022-07-14,2016-12-14
989781,국제회의기획업,0,2010,5,14,2017,12,31,7,2017-12-31,2010-05-14
989782,국제회의기획업,0,2010,11,3,2013,10,10,3,2013-10-10,2010-11-03
989783,국제회의기획업,0,2011,5,27,2012,11,13,1,2012-11-13,2011-05-27
989784,국제회의기획업,0,2007,8,13,2013,3,20,6,2013-03-20,2007-08-13
989785,국제회의기획업,1,1999,5,6,,,,,,1999-05-06
989786,국제회의기획업,1,1999,6,5,,,,,,1999-06-05
989787,국제회의기획업,1,1999,7,16,,,,,,1999-07-16
989788,국제회의기획업,1,1999,8,18,,,,,,1999-08-18
989789,국제회의기획업,1,1991,12,30,,,,,,1991-12-30
989790,국제회의기획업,1,2001,5,23,,,,,,2001-05-23
989791,국제회의기획업,1,2005,6,7,,,,,,2005-06-07
989792,국제회의기획업,1,2002,12,26,,,,,,2002-12-26
989793,국제회의기획업,1,2004,8,30,,,,,,2004-08-30
989794,국제회의기획업,1,2008,10,30,,,,,,2008-10-30
989795,국제회의기획업,1,2018,11,19,,,,,,2018-11-19
989796,국제회의기획업,1,2021,5,27,,,,,,2021-05-27
989797,국제회의기획업,1,2020,2,7,,,,,,2020-02-07
989798,국제회의기획업,1,2017,2,14,,,,,,2017-02-14
989799,국제회의기획업,1,2022,8,29,,,,,,2022-08-29
989800,국제회의기획업,1,2019,2,21,,,,,,2019-02-21
989801,국제회의기획업,1,2020,3,13,,,,,,2020-03-13
989802,국제회의기획업,1,2020,1,8,,,,,,2020-01-08
989803,국제회의기획업,1,2018,8,21,,,,,,2018-08-21
989804,국제회의기획업,0,2018,3,16,2022,9,22,4,2022-09-22,2018-03-16
989805,국제회의기획업,1,2010,8,18,,,,,,2010-08-18
989806,국제회의기획업,1,2017,9,8,,,,,,2017-09-08
989807,국제회의기획업,1,2018,3,22,,,,,,2018-03-22
989808,국제회의기획업,1,2011,1,31,,,,,,2011-01-31
989809,국제회의기획업,1,2009,11,2,,,,,,2009-11-02
989810,국제회의기획업,1,2009,7,1,,,,,,2009-07-01
989811,국제회의기획업,1,2016,4,14,,,,,,2016-04-14
989812,국제회의기획업,1,2017,5,23,,,,,,2017-05-23
989813,국제회의기획업,1,2009,11,2,,,,,,2009-11-02
989814,국제회의기획업,1,2007,5,2,,,,,,2007-05-02
989815,국제회의기획업,1,2007,10,22,,,,,,2007-10-22
989816,국제회의기획업,1,2014,12,30,,,,,,2014-12-30
989817,국제회의기획업,1,2008,5,13,,,,,,2008-05-13
989818,국제회의기획업,1,2009,8,19,,,,,,2009-08-19
989819,국제회의기획업,1,2009,4,28,,,,,,2009-04-28
989820,국제회의기획업,1,1994,2,16,,,,,,1994-02-16
989821,국제회의기획업,1,2010,2,22,,,,,,2010-02-22
989822,국제회의기획업,1,2006,10,30,,,,,,2006-10-30
989823,국제회의기획업,1,2007,9,17,,,,,,2007-09-17
989824,국제회의기획업,0,2013,1,16,2014,11,5,1,2014-11-05,2013-01-16
989825,국제회의기획업,1,2019,8,29,,,,,,2019-08-29
989826,국제회의기획업,1,2021,2,26,,,,,,2021-02-26
989827,국제회의기획업,1,2011,5,3,,,,,,2011-05-03
989828,국제회의기획업,1,2020,11,9,,,,,,2020-11-09
989829,국제회의기획업,1,2020,11,9,,,,,,2020-11-09
989830,국제회의기획업,1,2021,4,23,,,,,,2021-04-23
989831,국제회의기획업,1,2010,7,22,,,,,,2010-07-22
989832,국제회의기획업,1,2022,7,4,,,,,,2022-07-04
989833,국제회의기획업,1,2016,6,9,,,,,,2016-06-09
989834,국제회의기획업,1,2016,8,8,,,,,,2016-08-08
989835,국제회의기획업,1,2017,8,16,,,,,,2017-08-16
989836,국제회의기획업,1,2014,5,1,,,,,,2014-05-01
989837,국제회의기획업,1,2018,7,5,,,,,,2018-07-05
989838,국제회의기획업,1,2015,4,27,,,,,,2015-04-27
989839,국제회의기획업,1,2009,3,19,,,,,,2009-03-19
989840,국제회의기획업,1,2009,3,31,,,,,,2009-03-31
989841,국제회의기획업,1,2013,5,10,,,,,,2013-05-10
989842,국제회의기획업,1,2013,8,19,,,,,,2013-08-19
989843,국제회의기획업,1,2005,3,10,,,,,,2005-03-10
989844,국제회의기획업,1,2014,1,23,,,,,,2014-01-23
989845,국제회의기획업,1,2001,3,9,,,,,,2001-03-09
989846,국제회의기획업,1,2019,2,27,,,,,,2019-02-27
989847,국제회의기획업,1,2019,2,13,,,,,,2019-02-13
989848,국제회의기획업,1,2019,4,16,,,,,,2019-04-16
989849,국제회의기획업,1,2022,4,19,,,,,,2022-04-19
989850,국제회의기획업,1,2019,6,12,,,,,,2019-06-12
989851,국제회의기획업,1,2013,9,25,,,,,,2013-09-25
989852,국제회의기획업,1,2008,5,15,,,,,,2008-05-15
989853,국제회의기획업,1,2019,5,17,,,,,,2019-05-17
989854,국제회의기획업,1,2009,3,24,,,,,,2009-03-24
989855,국제회의기획업,1,2022,3,17,,,,,,2022-03-17
989856,국제회의기획업,1,2010,2,12,,,,,,2010-02-12
989857,국제회의기획업,1,2022,3,11,,,,,,2022-03-11
989858,국제회의기획업,1,2014,4,24,,,,,,2014-04-24
989859,국제회의기획업,1,2020,3,23,,,,,,2020-03-23
989860,국제회의기획업,1,2015,4,17,,,,,,2015-04-17
989861,국제회의기획업,1,2020,6,18,,,,,,2020-06-18
989862,국제회의기획업,1,2021,10,5,,,,,,2021-10-05
989863,국제회의기획업,1,2018,8,22,,,,,,2018-08-22
989864,국제회의기획업,1,2010,10,11,,,,,,2010-10-11
989865,국제회의기획업,1,2010,10,16,,,,,,2010-10-16
989866,국제회의기획업,0,2009,5,25,2013,11,21,4,2013-11-21,2009-05-25
989867,국제회의기획업,0,2011,12,27,2016,3,23,5,2016-03-23,2011-12-27
989868,국제회의기획업,1,2017,9,26,,,,,,2017-09-26
989869,국제회의기획업,1,2021,5,7,,,,,,2021-05-07
989870,국제회의기획업,1,2011,8,23,,,,,,2011-08-23
989871,국제회의기획업,1,2017,1,11,,,,,,2017-01-11
989872,국제회의기획업,1,2007,6,1,,,,,,2007-06-01
989873,국제회의기획업,1,2009,7,16,,,,,,2009-07-16
989874,국제회의기획업,1,2006,9,29,,,,,,2006-09-29
989875,국제회의기획업,0,2008,6,3,2009,9,2,1,2009-09-02,2008-06-03
989876,국제회의기획업,1,2012,2,22,,,,,,2012-02-22
989877,국제회의기획업,1,2015,7,3,,,,,,2015-07-03
989878,국제회의기획업,1,2016,3,7,,,,,,2016-03-07
989879,국제회의기획업,1,2019,3,21,,,,,,2019-03-21
989880,국제회의기획업,1,2022,4,26,,,,,,2022-04-26
989881,국제회의기획업,0,2007,3,27,2016,12,2,9,2016-12-02,2007-03-27
989882,국제회의기획업,1,2011,6,17,,,,,,2011-06-17
989883,국제회의기획업,1,1992,9,7,,,,,,1992-09-07
989884,국제회의기획업,1,2004,4,14,,,,,,2004-04-14
989885,국제회의기획업,1,2009,8,5,,,,,,2009-08-05
989886,국제회의기획업,1,2013,5,10,,,,,,2013-05-10
989887,국제회의기획업,1,2013,6,19,,,,,,2013-06-19
989888,국제회의기획업,1,2021,9,1,,,,,,2021-09-01
989889,국제회의기획업,1,2018,4,2,,,,,,2018-04-02
989890,국제회의기획업,1,2019,8,30,,,,,,2019-08-30
989891,국제회의기획업,1,2020,6,2,,,,,,2020-06-02
989892,국제회의기획업,1,2017,9,28,,,,,,2017-09-28
989893,국제회의기획업,1,2017,6,28,,,,,,2017-06-28
989894,국제회의기획업,1,2020,2,4,,,,,,2020-02-04
989895,국제회의기획업,1,2017,7,27,,,,,,2017-07-27
989896,국제회의기획업,1,2021,2,17,,,,,,2021-02-17
989897,국제회의기획업,1,2022,9,20,,,,,,2022-09-20
989898,국제회의기획업,1,2018,1,26,,,,,,2018-01-26
989899,국제회의기획업,1,2015,6,2,,,,,,2015-06-02
989900,국제회의기획업,1,2013,6,25,,,,,,2013-06-25
989901,국제회의기획업,1,2021,4,19,,,,,,2021-04-19
989902,국제회의기획업,1,2019,12,18,,,,,,2019-12-18
989903,국제회의기획업,1,2014,6,30,,,,,,2014-06-30
989904,국제회의기획업,1,2012,3,28,,,,,,2012-03-28
989905,국제회의기획업,0,2014,3,31,2019,6,11,5,2019-06-11,2014-03-31
989906,국제회의기획업,0,2016,4,20,2017,12,31,1,2017-12-31,2016-04-20
989907,국제회의기획업,1,2020,7,22,,,,,,2020-07-22
989908,국제회의기획업,1,2011,7,5,,,,,,2011-07-05
989909,국제회의기획업,1,2022,1,3,,,,,,2022-01-03
989910,국제회의기획업,1,2002,12,16,,,,,,2002-12-16
989911,국제회의기획업,1,2013,12,16,,,,,,2013-12-16
989912,국제회의기획업,1,2022,3,30,,,,,,2022-03-30
989913,국제회의기획업,1,2021,2,25,,,,,,2021-02-25
989914,국제회의기획업,1,2006,5,8,,,,,,2006-05-08
989915,국제회의기획업,1,2013,5,28,,,,,,2013-05-28
989916,국제회의기획업,1,2021,8,27,,,,,,2021-08-27
989917,국제회의기획업,1,2014,9,24,,,,,,2014-09-24
989918,국제회의기획업,1,1999,11,11,,,,,,1999-11-11
989919,국제회의기획업,1,2013,3,4,,,,,,2013-03-04
989920,국제회의기획업,1,2019,4,4,,,,,,2019-04-04
989921,국제회의기획업,1,2020,6,9,,,,,,2020-06-09
989922,국제회의기획업,1,2013,12,10,,,,,,2013-12-10
989923,국제회의기획업,1,2009,7,8,,,,,,2009-07-08
989924,국제회의기획업,1,2016,7,12,,,,,,2016-07-12
989925,국제회의기획업,1,2011,4,6,,,,,,2011-04-06
989926,국제회의기획업,1,2011,8,18,,,,,,2011-08-18
989927,국제회의기획업,1,2011,10,24,,,,,,2011-10-24
989928,국제회의기획업,1,2013,11,19,,,,,,2013-11-19
989929,국제회의기획업,1,2004,8,2,,,,,,2004-08-02
989930,국제회의기획업,1,2020,9,10,,,,,,2020-09-10
989931,국제회의기획업,1,2020,9,14,,,,,,2020-09-14
989932,국제회의기획업,1,2020,11,17,,,,,,2020-11-17
989933,국제회의기획업,1,2020,3,17,,,,,,2020-03-17
989934,국제회의기획업,1,2020,2,10,,,,,,2020-02-10
989935,국제회의기획업,1,2020,3,2,,,,,,2020-03-02
989936,국제회의기획업,1,2020,3,30,,,,,,2020-03-30
989937,국제회의기획업,1,2020,3,30,,,,,,2020-03-30
989938,국제회의기획업,1,2014,7,24,,,,,,2014-07-24
989939,국제회의기획업,1,2020,4,22,,,,,,2020-04-22
989940,국제회의기획업,1,2020,5,28,,,,,,2020-05-28
989941,국제회의기획업,1,2015,6,17,,,,,,2015-06-17
989942,국제회의기획업,1,2012,11,14,,,,,,2012-11-14
989943,국제회의기획업,1,2020,3,9,,,,,,2020-03-09
989944,국제회의기획업,1,2022,4,18,,,,,,2022-04-18
989945,국제회의기획업,1,2022,12,15,,,,,,2022-12-15
989946,국제회의기획업,1,2005,4,11,,,,,,2005-04-11
989947,국제회의기획업,1,1998,11,16,,,,,,1998-11-16
989948,국제회의기획업,1,2001,3,7,,,,,,2001-03-07
989949,국제회의기획업,1,2001,6,29,,,,,,2001-06-29
989950,국제회의기획업,0,2018,6,15,2021,9,28,3,2021-09-28,2018-06-15
989951,국제회의기획업,0,2003,12,12,2018,12,31,15,2018-12-31,2003-12-12
989952,국제회의기획업,0,2015,2,17,2019,4,10,4,2019-04-10,2015-02-17
989953,국제회의기획업,0,2013,10,28,2020,3,31,7,2020-03-31,2013-10-28
989954,국제회의기획업,0,2018,2,12,2019,9,18,1,2019-09-18,2018-02-12
989955,국제회의기획업,0,2016,9,29,2017,11,15,1,2017-11-15,2016-09-29
989956,국제회의기획업,0,2010,3,17,2010,4,15,0,2010-04-15,2010-03-17
989957,국제회의기획업,0,2011,10,12,2012,6,21,1,2012-06-21,2011-10-12
989958,국제회의기획업,0,2013,11,8,2016,6,30,3,2016-06-30,2013-11-08
989959,국제회의기획업,0,2015,6,22,2021,7,14,6,2021-07-14,2015-06-22
989960,국제회의기획업,1,2019,1,24,,,,,,2019-01-24
989961,국제회의기획업,1,2010,3,26,,,,,,2010-03-26
989962,국제회의기획업,1,2019,3,25,,,,,,2019-03-25
989963,국제회의기획업,1,2019,5,1,,,,,,2019-05-01
989964,국제회의기획업,1,2019,5,29,,,,,,2019-05-29
989965,국제회의기획업,1,2012,2,9,,,,,,2012-02-09
989966,국제회의기획업,1,2022,4,19,,,,,,2022-04-19
989967,국제회의기획업,1,2019,9,27,,,,,,2019-09-27
989968,국제회의기획업,1,2013,4,4,,,,,,2013-04-04
989969,국제회의기획업,1,2019,9,14,,,,,,2019-09-14
989970,국제회의기획업,1,2019,7,29,,,,,,2019-07-29
989971,국제회의기획업,1,2019,8,26,,,,,,2019-08-26
989972,국제회의기획업,1,2019,8,28,,,,,,2019-08-28
989973,국제회의기획업,1,2013,5,2,,,,,,2013-05-02
989974,국제회의기획업,1,2022,4,7,,,,,,2022-04-07
989975,국제회의기획업,1,2022,3,23,,,,,,2022-03-23
989976,국제회의기획업,1,2018,8,2,,,,,,2018-08-02
989977,국제회의기획업,1,2019,8,21,,,,,,2019-08-21
989978,국제회의기획업,1,2019,11,13,,,,,,2019-11-13
989979,국제회의기획업,1,2018,7,30,,,,,,2018-07-30
989980,국제회의기획업,1,2018,12,11,,,,,,2018-12-11
989981,국제회의기획업,1,2009,4,22,,,,,,2009-04-22
989982,국제회의기획업,1,2020,12,1,,,,,,2020-12-01
989983,국제회의기획업,1,2021,2,3,,,,,,2021-02-03
989984,국제회의기획업,1,2022,5,12,,,,,,2022-05-12
989985,국제회의기획업,1,2022,5,18,,,,,,2022-05-18
989986,국제회의기획업,0,2002,10,29,2022,8,10,20,2022-08-10,2002-10-29
989987,국제회의기획업,0,2012,12,13,2022,8,10,10,2022-08-10,2012-12-13
989988,국제회의기획업,1,2022,9,14,,,,,,2022-09-14
989989,국제회의기획업,1,2022,10,21,,,,,,2022-10-21
989990,국제회의기획업,1,2022,11,7,,,,,,2022-11-07
989991,국제회의기획업,1,2010,12,15,,,,,,2010-12-15
989992,국제회의기획업,1,2021,3,23,,,,,,2021-03-23
989993,국제회의기획업,1,2021,3,12,,,,,,2021-03-12
989994,국제회의기획업,1,2022,8,19,,,,,,2022-08-19
989995,국제회의기획업,1,2022,6,30,,,,,,2022-06-30
989996,국제회의기획업,1,2001,10,20,,,,,,2001-10-20
989997,국제회의기획업,1,2002,10,2,,,,,,2002-10-02
989998,국제회의기획업,1,2008,2,28,,,,,,2008-02-28
989999,국제회의기획업,1,2008,4,16,,,,,,2008-04-16
990000,국제회의기획업,1,2003,5,1,,,,,,2003-05-01
990001,국제회의기획업,1,2004,9,21,,,,,,2004-09-21
990002,국제회의기획업,1,2009,10,26,,,,,,2009-10-26
990003,국제회의기획업,1,2008,8,19,,,,,,2008-08-19
990004,국제회의기획업,1,2009,3,17,,,,,,2009-03-17
990005,국제회의기획업,1,2009,4,6,,,,,,2009-04-06
990006,국제회의기획업,1,2009,4,16,,,,,,2009-04-16
990007,국제회의기획업,1,2009,8,25,,,,,,2009-08-25
990008,국제회의기획업,1,2013,6,13,,,,,,2013-06-13
990009,국제회의기획업,1,2014,1,2,,,,,,2014-01-02
990010,국제회의기획업,1,2014,7,14,,,,,,2014-07-14
990011,국제회의기획업,1,2014,10,29,,,,,,2014-10-29
990012,국제회의기획업,1,2014,12,31,,,,,,2014-12-31
990013,국제회의기획업,1,2015,3,18,,,,,,2015-03-18
990014,국제회의기획업,1,2016,1,28,,,,,,2016-01-28
990015,국제회의기획업,1,2016,1,29,,,,,,2016-01-29
990016,국제회의기획업,1,2009,11,24,,,,,,2009-11-24
990017,국제회의기획업,1,2017,9,6,,,,,,2017-09-06
990018,국제회의기획업,1,2009,6,16,,,,,,2009-06-16
990019,국제회의기획업,1,2012,7,10,,,,,,2012-07-10
990020,국제회의기획업,1,2012,8,1,,,,,,2012-08-01
990021,국제회의기획업,1,2002,7,2,,,,,,2002-07-02
990022,국제회의기획업,1,2013,2,14,,,,,,2013-02-14
990023,국제회의기획업,1,2017,9,13,,,,,,2017-09-13
990024,국제회의기획업,1,2017,9,26,,,,,,2017-09-26
990025,국제회의기획업,1,2013,6,4,,,,,,2013-06-04
990026,국제회의기획업,1,2018,7,23,,,,,,2018-07-23
990027,국제회의기획업,1,2016,4,14,,,,,,2016-04-14
990028,국제회의기획업,1,2015,4,28,,,,,,2015-04-28
990029,국제회의기획업,1,2015,7,9,,,,,,2015-07-09
990030,국제회의기획업,1,2015,7,10,,,,,,2015-07-10
990031,국제회의기획업,1,2015,8,10,,,,,,2015-08-10
990032,국제회의기획업,1,2015,12,30,,,,,,2015-12-30
990033,국제회의기획업,1,2016,1,6,,,,,,2016-01-06
990034,국제회의기획업,1,2014,8,1,,,,,,2014-08-01
990035,국제회의기획업,1,2016,8,24,,,,,,2016-08-24
990036,국제회의기획업,1,2016,12,12,,,,,,2016-12-12
990037,국제회의기획업,1,2017,1,5,,,,,,2017-01-05
990038,국제회의기획업,1,2017,2,15,,,,,,2017-02-15
990039,국제회의기획업,1,2017,2,25,,,,,,2017-02-25
990040,국제회의기획업,1,2017,5,2,,,,,,2017-05-02
990041,국제회의기획업,1,2017,6,28,,,,,,2017-06-28
990042,국제회의기획업,1,2017,7,20,,,,,,2017-07-20
990043,국제회의기획업,1,2008,8,11,,,,,,2008-08-11
990044,국제회의기획업,1,2008,1,18,,,,,,2008-01-18
990045,국제회의기획업,0,2013,5,31,2015,1,29,2,2015-01-29,2013-05-31
990046,국제회의기획업,1,2022,1,4,,,,,,2022-01-04
990047,국제회의기획업,1,2020,7,17,,,,,,2020-07-17
990048,국제회의기획업,1,2008,3,17,,,,,,2008-03-17
990049,국제회의기획업,1,2018,12,20,,,,,,2018-12-20
990050,국제회의기획업,1,2020,2,18,,,,,,2020-02-18
990051,국제회의기획업,1,2018,6,15,,,,,,2018-06-15
990052,국제회의기획업,1,2017,8,8,,,,,,2017-08-08
990053,국제회의기획업,1,2017,12,27,,,,,,2017-12-27
990054,국제회의기획업,1,2020,6,12,,,,,,2020-06-12
990055,국제회의기획업,1,2016,11,11,,,,,,2016-11-11
990056,국제회의기획업,1,2008,6,20,,,,,,2008-06-20
990057,국제회의기획업,1,2012,2,15,,,,,,2012-02-15
990058,국제회의기획업,1,2011,8,26,,,,,,2011-08-26
990059,국제회의기획업,1,2015,10,16,,,,,,2015-10-16
990060,국제회의기획업,1,2015,12,30,,,,,,2015-12-30
990061,국제회의기획업,1,2018,2,23,,,,,,2018-02-23
990062,국제회의기획업,1,2015,9,23,,,,,,2015-09-23
990063,국제회의기획업,1,2017,8,23,,,,,,2017-08-23
990064,국제회의기획업,0,2005,2,2,2006,3,2,1,2006-03-02,2005-02-02
990065,국제회의기획업,1,2015,5,11,,,,,,2015-05-11
990066,국제회의기획업,1,2018,9,19,,,,,,2018-09-19
990067,국제회의기획업,1,2019,9,30,,,,,,2019-09-30
990068,국제회의기획업,1,2022,4,11,,,,,,2022-04-11
990069,국제회의기획업,1,2022,2,7,,,,,,2022-02-07
990070,국제회의기획업,1,2020,1,3,,,,,,2020-01-03
990071,국제회의기획업,1,2018,12,12,,,,,,2018-12-12
990072,국제회의기획업,1,2016,5,10,,,,,,2016-05-10
990073,국제회의기획업,1,2010,6,9,,,,,,2010-06-09
990074,국제회의기획업,1,2010,10,21,,,,,,2010-10-21
990075,국제회의기획업,1,2009,6,29,,,,,,2009-06-29
990076,국제회의기획업,1,2015,3,10,,,,,,2015-03-10
990077,국제회의기획업,1,2016,2,12,,,,,,2016-02-12
990078,국제회의기획업,1,2020,1,29,,,,,,2020-01-29
990079,국제회의기획업,1,2020,8,27,,,,,,2020-08-27
990080,국제회의기획업,1,2021,7,26,,,,,,2021-07-26
990081,국제회의기획업,1,2017,7,25,,,,,,2017-07-25
990082,국제회의기획업,1,2017,8,14,,,,,,2017-08-14
990083,국제회의기획업,0,2006,3,15,2009,8,17,3,2009-08-17,2006-03-15
990084,국제회의기획업,1,2019,8,9,,,,,,2019-08-09
990085,국제회의기획업,1,2018,6,22,,,,,,2018-06-22
990086,국제회의기획업,1,2016,12,28,,,,,,2016-12-28
990087,국제회의기획업,1,2022,5,11,,,,,,2022-05-11
990088,국제회의기획업,1,2018,5,30,,,,,,2018-05-30
990089,국제회의기획업,1,2018,4,13,,,,,,2018-04-13
990090,국제회의기획업,1,2006,5,19,,,,,,2006-05-19
990091,국제회의기획업,1,2011,1,27,,,,,,2011-01-27
990092,국제회의기획업,1,2017,6,29,,,,,,2017-06-29
990093,국제회의기획업,1,2018,1,14,,,,,,2018-01-14
990094,국제회의기획업,1,2018,5,11,,,,,,2018-05-11
990095,국제회의기획업,1,2020,9,28,,,,,,2020-09-28
990096,국제회의기획업,1,2020,2,14,,,,,,2020-02-14
990097,국제회의기획업,1,2020,3,11,,,,,,2020-03-11
990098,국제회의기획업,1,2020,5,8,,,,,,2020-05-08
990099,국제회의기획업,1,2021,12,8,,,,,,2021-12-08
990100,국제회의기획업,1,2018,7,18,,,,,,2018-07-18
990101,국제회의기획업,1,2021,4,29,,,,,,2021-04-29
990102,국제회의기획업,0,2008,1,21,2014,12,17,6,2014-12-17,2008-01-21
990103,국제회의기획업,0,2018,4,2,2021,7,13,3,2021-07-13,2018-04-02
990104,국제회의기획업,1,2019,2,20,,,,,,2019-02-20
990105,국제회의기획업,1,2019,2,13,,,,,,2019-02-13
990106,국제회의기획업,1,2019,6,25,,,,,,2019-06-25
990107,국제회의기획업,1,2022,5,25,,,,,,2022-05-25
990108,국제회의기획업,1,2019,2,18,,,,,,2019-02-18
990109,국제회의기획업,1,2019,5,31,,,,,,2019-05-31
990110,국제회의기획업,1,2002,12,26,,,,,,2002-12-26
990111,국제회의기획업,1,2013,6,10,,,,,,2013-06-10
990112,국제회의기획업,1,2018,4,9,,,,,,2018-04-09
990113,국제회의기획업,1,2022,2,22,,,,,,2022-02-22
990114,국제회의기획업,1,2019,1,31,,,,,,2019-01-31
990115,국제회의기획업,1,2015,6,22,,,,,,2015-06-22
990116,국제회의기획업,1,2019,8,16,,,,,,2019-08-16
990117,국제회의기획업,1,2010,3,15,,,,,,2010-03-15
990118,국제회의기획업,1,2011,3,7,,,,,,2011-03-07
990119,국제회의기획업,1,2015,7,10,,,,,,2015-07-10
990120,국제회의기획업,1,2015,6,25,,,,,,2015-06-25
990121,국제회의기획업,1,2022,5,30,,,,,,2022-05-30
990122,국제회의기획업,1,2022,5,6,,,,,,2022-05-06
990123,국제회의기획업,1,2022,6,27,,,,,,2022-06-27
990124,국제회의기획업,1,2021,4,1,,,,,,2021-04-01
990125,국제회의기획업,1,2022,7,4,,,,,,2022-07-04
990126,국제회의기획업,1,2019,8,27,,,,,,2019-08-27
990127,국제회의기획업,1,2020,12,7,,,,,,2020-12-07
990128,국제회의기획업,1,2022,7,14,,,,,,2022-07-14
990129,국제회의기획업,1,2006,9,18,,,,,,2006-09-18
990130,국제회의기획업,1,2008,5,19,,,,,,2008-05-19
990131,국제회의기획업,1,2008,10,22,,,,,,2008-10-22
990132,국제회의기획업,1,2009,5,11,,,,,,2009-05-11
990133,국제회의기획업,1,2009,6,2,,,,,,2009-06-02
990134,국제회의기획업,1,2006,12,1,,,,,,2006-12-01
990135,국제회의기획업,1,2010,2,10,,,,,,2010-02-10
990136,국제회의기획업,1,2010,4,13,,,,,,2010-04-13
990137,국제회의기획업,1,2010,10,12,,,,,,2010-10-12
990138,국제회의기획업,1,2013,4,9,,,,,,2013-04-09
990139,국제회의기획업,1,2013,4,18,,,,,,2013-04-18
990140,국제회의기획업,1,2013,5,10,,,,,,2013-05-10
990141,국제회의기획업,1,2013,5,24,,,,,,2013-05-24
990142,국제회의기획업,1,2013,7,15,,,,,,2013-07-15
990143,국제회의기획업,1,2008,1,8,,,,,,2008-01-08
990144,국제회의기획업,1,2016,8,10,,,,,,2016-08-10
990145,국제회의기획업,1,2017,2,27,,,,,,2017-02-27
990146,국제회의기획업,1,2017,4,20,,,,,,2017-04-20
990147,국제회의기획업,1,2017,7,31,,,,,,2017-07-31
990148,국제회의기획업,1,2017,10,30,,,,,,2017-10-30
990149,국제회의기획업,1,2018,1,30,,,,,,2018-01-30
990150,국제회의기획업,1,2018,2,1,,,,,,2018-02-01
990151,국제회의기획업,1,2018,3,5,,,,,,2018-03-05
990152,국제회의기획업,1,2011,8,10,,,,,,2011-08-10
990153,국제회의기획업,1,2012,3,6,,,,,,2012-03-06
990154,국제회의기획업,1,2012,11,12,,,,,,2012-11-12
990155,국제회의기획업,1,2014,11,28,,,,,,2014-11-28
990156,국제회의기획업,1,2015,5,19,,,,,,2015-05-19
990157,국제회의기획업,1,2020,2,26,,,,,,2020-02-26
990158,국제회의기획업,1,2020,1,8,,,,,,2020-01-08
990159,국제회의기획업,1,2019,10,22,,,,,,2019-10-22
990160,국제회의기획업,1,2010,9,2,,,,,,2010-09-02
990161,국제회의기획업,1,2020,4,27,,,,,,2020-04-27
990162,국제회의기획업,1,2020,5,20,,,,,,2020-05-20
990163,국제회의기획업,1,2014,11,19,,,,,,2014-11-19
990164,국제회의기획업,1,2018,9,12,,,,,,2018-09-12
990165,국제회의기획업,1,2021,11,1,,,,,,2021-11-01
990166,국제회의기획업,1,1989,8,7,,,,,,1989-08-07
990167,국제회의기획업,1,2018,8,2,,,,,,2018-08-02
990168,국제회의기획업,1,2018,8,28,,,,,,2018-08-28
990169,국제회의기획업,1,2020,6,19,,,,,,2020-06-19
990170,국제회의기획업,1,2020,8,6,,,,,,2020-08-06
990171,국제회의기획업,1,2020,8,31,,,,,,2020-08-31
990172,국제회의기획업,1,2021,9,16,,,,,,2021-09-16
990173,국제회의기획업,1,2022,12,1,,,,,,2022-12-01
990174,국제회의기획업,0,2008,1,16,2016,1,22,8,2016-01-22,2008-01-16
990175,국제회의기획업,0,2011,4,8,2014,12,17,3,2014-12-17,2011-04-08
990176,국제회의기획업,0,2010,9,2,,,,,,2010-09-02
990177,국제회의기획업,0,2014,6,8,2018,4,30,4,2018-04-30,2014-06-08
990178,국제회의기획업,0,2003,6,2,2020,4,2,17,2020-04-02,2003-06-02
990179,국제회의기획업,1,2022,4,25,,,,,,2022-04-25
990180,국제회의기획업,1,2019,2,18,,,,,,2019-02-18
990181,국제회의기획업,1,2014,5,26,,,,,,2014-05-26
990182,국제회의기획업,1,2010,12,21,,,,,,2010-12-21
990183,국제회의기획업,1,2020,2,5,,,,,,2020-02-05
990184,국제회의기획업,1,2017,9,4,,,,,,2017-09-04
990185,국제회의기획업,1,2015,10,22,,,,,,2015-10-22
990186,국제회의기획업,1,2018,4,18,,,,,,2018-04-18
990187,국제회의기획업,1,2015,9,24,,,,,,2015-09-24
990188,국제회의기획업,1,2007,1,16,,,,,,2007-01-16
990189,국제회의기획업,0,2015,8,5,2016,10,3,1,2016-10-03,2015-08-05
990190,국제회의기획업,1,2008,6,17,,,,,,2008-06-17
990191,국제회의기획업,1,2018,4,30,,,,,,2018-04-30
990192,국제회의기획업,1,2014,2,6,,,,,,2014-02-06
990193,국제회의기획업,1,2006,3,7,,,,,,2006-03-07
990194,국제회의기획업,1,2011,7,21,,,,,,2011-07-21
990195,국제회의기획업,1,2011,8,11,,,,,,2011-08-11
990196,국제회의기획업,1,2006,6,12,,,,,,2006-06-12
990197,국제회의기획업,1,2006,8,8,,,,,,2006-08-08
990198,국제회의기획업,1,2009,7,22,,,,,,2009-07-22
990199,국제회의기획업,1,2009,8,31,,,,,,2009-08-31
990200,국제회의기획업,1,2009,2,20,,,,,,2009-02-20
990201,국제회의기획업,1,2005,8,16,,,,,,2005-08-16
990202,국제회의기획업,1,2009,2,25,,,,,,2009-02-25
990203,국제회의기획업,1,2009,3,24,,,,,,2009-03-24
990204,국제회의기획업,1,2009,6,24,,,,,,2009-06-24
990205,국제회의기획업,1,2019,5,8,,,,,,2019-05-08
990206,국제회의기획업,1,2019,9,11,,,,,,2019-09-11
990207,국제회의기획업,1,2019,7,22,,,,,,2019-07-22
990208,국제회의기획업,1,2017,8,16,,,,,,2017-08-16
990209,국제회의기획업,1,2022,4,1,,,,,,2022-04-01
990210,국제회의기획업,1,2022,3,21,,,,,,2022-03-21
990211,국제회의기획업,1,2020,3,31,,,,,,2020-03-31
990212,국제회의기획업,1,2020,1,11,,,,,,2020-01-11
990213,국제회의기획업,1,2015,8,17,,,,,,2015-08-17
990214,국제회의기획업,1,2020,4,27,,,,,,2020-04-27
990215,국제회의기획업,1,2020,5,7,,,,,,2020-05-07
990216,국제회의기획업,1,2020,4,3,,,,,,2020-04-03
990217,국제회의기획업,1,2020,4,22,,,,,,2020-04-22
990218,국제회의기획업,1,2021,10,28,,,,,,2021-10-28
990219,국제회의기획업,1,2009,10,21,,,,,,2009-10-21
990220,국제회의기획업,1,2021,8,5,,,,,,2021-08-05
990221,국제회의기획업,1,2021,9,13,,,,,,2021-09-13
990222,국제회의기획업,1,2021,5,4,,,,,,2021-05-04
990223,국제회의기획업,1,2018,4,23,,,,,,2018-04-23
990224,국제회의기획업,1,2021,6,8,,,,,,2021-06-08
990225,국제회의기획업,1,2020,9,15,,,,,,2020-09-15
990226,국제회의기획업,1,2020,4,2,,,,,,2020-04-02
990227,국제회의기획업,1,2015,10,21,,,,,,2015-10-21
990228,국제회의기획업,1,2008,10,28,,,,,,2008-10-28
990229,국제회의기획업,1,2019,2,8,,,,,,2019-02-08
990230,국제회의기획업,1,2015,7,16,,,,,,2015-07-16
990231,국제회의기획업,1,2020,6,8,,,,,,2020-06-08
990232,국제회의기획업,1,2022,6,16,,,,,,2022-06-16
990233,국제회의기획업,1,2022,5,23,,,,,,2022-05-23
990234,국제회의기획업,1,2002,11,28,,,,,,2002-11-28
990235,국제회의기획업,0,2017,1,11,,,,,,2017-01-11
990236,국제회의기획업,0,1999,1,20,2008,6,17,9,2008-06-17,1999-01-20
990237,국제회의기획업,0,2016,2,3,2020,11,23,4,2020-11-23,2016-02-03
990238,국제회의기획업,0,2011,6,21,2020,3,20,9,2020-03-20,2011-06-21
990239,국제회의기획업,0,2013,5,9,2020,5,8,7,2020-05-08,2013-05-09
990240,국제회의기획업,0,2011,1,7,2017,12,28,6,2017-12-28,2011-01-07
990241,국제회의기획업,0,2004,8,2,2007,10,15,3,2007-10-15,2004-08-02
990242,국제회의기획업,0,2018,7,24,2020,9,29,2,2020-09-29,2018-07-24
990243,국제회의기획업,0,2009,2,5,2014,5,27,5,2014-05-27,2009-02-05
990244,국제회의기획업,0,2009,2,18,2015,12,18,6,2015-12-18,2009-02-18
990245,국제회의기획업,1,2016,10,6,,,,,,2016-10-06
990246,국제회의기획업,1,2017,1,23,,,,,,2017-01-23
990247,국제회의기획업,1,2017,2,9,,,,,,2017-02-09
990248,국제회의기획업,1,2017,3,21,,,,,,2017-03-21
990249,국제회의기획업,1,2017,4,17,,,,,,2017-04-17
990250,국제회의기획업,1,2014,5,2,,,,,,2014-05-02
990251,국제회의기획업,1,2014,6,30,,,,,,2014-06-30
990252,국제회의기획업,1,2015,4,2,,,,,,2015-04-02
990253,국제회의기획업,1,2015,5,15,,,,,,2015-05-15
990254,국제회의기획업,1,1999,11,29,,,,,,1999-11-29
990255,국제회의기획업,1,1999,12,22,,,,,,1999-12-22
990256,국제회의기획업,1,2000,8,11,,,,,,2000-08-11
990257,국제회의기획업,1,2008,7,4,,,,,,2008-07-04
990258,국제회의기획업,1,2003,3,4,,,,,,2003-03-04
990259,국제회의기획업,1,2009,6,15,,,,,,2009-06-15
990260,국제회의기획업,1,2015,12,30,,,,,,2015-12-30
990261,국제회의기획업,1,2003,3,4,,,,,,2003-03-04
990262,국제회의기획업,1,2006,9,26,,,,,,2006-09-26
990263,국제회의기획업,1,2007,1,19,,,,,,2007-01-19
990264,국제회의기획업,1,2016,4,6,,,,,,2016-04-06
990265,국제회의기획업,1,2016,5,30,,,,,,2016-05-30
990266,국제회의기획업,1,2003,8,18,,,,,,2003-08-18
990267,국제회의기획업,1,2010,3,12,,,,,,2010-03-12
990268,국제회의기획업,1,2010,5,4,,,,,,2010-05-04
990269,국제회의기획업,1,2011,1,4,,,,,,2011-01-04
990270,국제회의기획업,1,2006,5,3,,,,,,2006-05-03
990271,국제회의기획업,1,2011,2,9,,,,,,2011-02-09
990272,국제회의기획업,1,2011,2,17,,,,,,2011-02-17
990273,국제회의기획업,1,2012,2,22,,,,,,2012-02-22
990274,국제회의기획업,1,2012,8,14,,,,,,2012-08-14
990275,국제회의기획업,1,2012,12,4,,,,,,2012-12-04
990276,국제회의기획업,1,1989,7,5,,,,,,1989-07-05
990277,국제회의기획업,1,2017,4,21,,,,,,2017-04-21
990278,국제회의기획업,1,2017,4,25,,,,,,2017-04-25
990279,국제회의기획업,1,2014,3,4,,,,,,2014-03-04
990280,국제회의기획업,1,2004,7,30,,,,,,2004-07-30
990281,국제회의기획업,1,2004,2,26,,,,,,2004-02-26
990282,국제회의기획업,1,2005,8,12,,,,,,2005-08-12
990283,국제회의기획업,1,2003,10,31,,,,,,2003-10-31
990284,국제회의기획업,1,2005,3,7,,,,,,2005-03-07
990285,국제회의기획업,1,2006,4,19,,,,,,2006-04-19
990286,국제회의기획업,1,2012,7,17,,,,,,2012-07-17
990287,국제회의기획업,1,2004,2,26,,,,,,2004-02-26
990288,국제회의기획업,1,2007,11,6,,,,,,2007-11-06
990289,국제회의기획업,1,2007,2,2,,,,,,2007-02-02
990290,국제회의기획업,1,2013,5,21,,,,,,2013-05-21
990291,국제회의기획업,1,2013,5,30,,,,,,2013-05-30
990292,국제회의기획업,1,2013,8,21,,,,,,2013-08-21
990293,국제회의기획업,1,2013,8,23,,,,,,2013-08-23
990294,국제회의기획업,1,2008,2,26,,,,,,2008-02-26
990295,국제회의기획업,1,2017,9,4,,,,,,2017-09-04
990296,국제회의기획업,1,2017,11,13,,,,,,2017-11-13
990297,국제회의기획업,1,2018,4,11,,,,,,2018-04-11
990298,국제회의기획업,1,2018,4,30,,,,,,2018-04-30
990299,국제회의기획업,0,2012,1,18,2019,2,13,7,2019-02-13,2012-01-18
990300,국제회의기획업,0,2019,5,15,2020,9,4,1,2020-09-04,2019-05-15
990301,국제회의기획업,0,2019,8,8,2020,10,6,1,2020-10-06,2019-08-08
990302,국제회의기획업,0,2018,8,20,2021,1,11,3,2021-01-11,2018-08-20
990303,국제회의기획업,0,2014,5,7,2015,12,31,1,2015-12-31,2014-05-07
990304,국제회의기획업,0,2006,5,2,2018,12,19,12,2018-12-19,2006-05-02
990305,국제회의기획업,0,2012,9,28,2020,3,23,8,2020-03-23,2012-09-28
990306,국제회의기획업,0,2013,1,21,2014,6,3,1,2014-06-03,2013-01-21
990307,국제회의기획업,0,2006,3,3,2015,3,23,9,2015-03-23,2006-03-03
990308,국제회의기획업,0,2006,7,19,2008,5,19,2,2008-05-19,2006-07-19
990309,국제회의기획업,0,2006,7,7,2013,11,4,7,2013-11-04,2006-07-07
990310,국제회의기획업,0,2006,7,20,2006,11,27,0,2006-11-27,2006-07-20
990311,국제회의기획업,0,2006,7,21,2008,5,19,2,2008-05-19,2006-07-21
990312,국제회의기획업,0,2006,10,10,2010,12,21,4,2010-12-21,2006-10-10
990313,국제회의기획업,0,2006,10,13,2008,7,11,2,2008-07-11,2006-10-13
990314,국제회의기획업,0,2003,5,6,2014,7,2,11,2014-07-02,2003-05-06
990315,국제회의기획업,0,2005,4,14,2016,12,19,11,2016-12-19,2005-04-14
990316,국제회의기획업,0,2009,7,10,2014,12,29,5,2014-12-29,2009-07-10
990317,국제회의기획업,0,2010,2,19,2019,11,8,9,2019-11-08,2010-02-19
990318,국제회의기획업,0,2010,2,25,2010,7,30,0,2010-07-30,2010-02-25
990319,국제회의기획업,0,2012,1,20,2021,7,23,9,2021-07-23,2012-01-20
990320,국제회의기획업,0,1991,1,19,2010,1,27,19,2010-01-27,1991-01-19
990321,국제회의기획업,0,2008,10,28,2016,8,24,8,2016-08-24,2008-10-28
990322,국제회의기획업,0,2008,11,19,2010,12,31,2,2010-12-31,2008-11-19
990323,국제회의기획업,0,2001,4,13,2009,6,10,8,2009-06-10,2001-04-13
990324,국제회의기획업,0,2002,3,4,2008,8,14,6,2008-08-14,2002-03-04
990325,국제회의기획업,0,2011,3,17,2012,3,31,1,2012-03-31,2011-03-17
990326,국제회의기획업,0,2017,3,16,2022,7,20,5,2022-07-20,2017-03-16
990327,국제회의기획업,0,2011,4,6,2018,1,25,7,2018-01-25,2011-04-06
990328,국제회의기획업,0,2011,6,17,2012,1,16,1,2012-01-16,2011-06-17
990329,국제회의기획업,0,2009,8,28,2014,6,12,5,2014-06-12,2009-08-28
990330,국제회의기획업,0,2017,7,24,2020,7,27,3,2020-07-27,2017-07-24
990331,국제회의기획업,0,2010,9,8,2014,3,20,4,2014-03-20,2010-09-08
990332,국제회의기획업,0,2010,12,1,2017,4,20,7,2017-04-20,2010-12-01
990333,국제회의기획업,0,2016,4,11,2022,4,14,6,2022-04-14,2016-04-11
990334,국제회의기획업,0,2015,9,14,2017,10,13,2,2017-10-13,2015-09-14
990335,국제회의기획업,0,2010,7,12,2017,1,5,7,2017-01-05,2010-07-12
990336,국제회의기획업,0,2005,11,14,2010,2,19,5,2010-02-19,2005-11-14
990337,국제회의기획업,1,2019,2,27,,,,,,2019-02-27
990338,국제회의기획업,1,2019,2,15,,,,,,2019-02-15
990339,국제회의기획업,1,2019,4,24,,,,,,2019-04-24
990340,국제회의기획업,1,2019,5,15,,,,,,2019-05-15
990341,국제회의기획업,1,2022,4,19,,,,,,2022-04-19
990342,국제회의기획업,1,2019,8,5,,,,,,2019-08-05
990343,국제회의기획업,1,2019,12,17,,,,,,2019-12-17
990344,국제회의기획업,1,2019,11,13,,,,,,2019-11-13
990345,국제회의기획업,1,2022,2,17,,,,,,2022-02-17
990346,국제회의기획업,1,2022,3,30,,,,,,2022-03-30
990347,국제회의기획업,1,2022,4,4,,,,,,2022-04-04
990348,국제회의기획업,1,2022,2,15,,,,,,2022-02-15
990349,국제회의기획업,1,2022,1,26,,,,,,2022-01-26
990350,국제회의기획업,1,2022,3,3,,,,,,2022-03-03
990351,국제회의기획업,1,2017,6,7,,,,,,2017-06-07
990352,국제회의기획업,1,2022,3,21,,,,,,2022-03-21
990353,국제회의기획업,1,2022,3,18,,,,,,2022-03-18
990354,국제회의기획업,1,2022,3,28,,,,,,2022-03-28
990355,국제회의기획업,1,2020,2,7,,,,,,2020-02-07
990356,국제회의기획업,1,2020,2,11,,,,,,2020-02-11
990357,국제회의기획업,1,2017,3,31,,,,,,2017-03-31
990358,국제회의기획업,1,2020,3,12,,,,,,2020-03-12
990359,국제회의기획업,1,2020,2,13,,,,,,2020-02-13
990360,국제회의기획업,1,2020,3,4,,,,,,2020-03-04
990361,국제회의기획업,1,2020,3,6,,,,,,2020-03-06
990362,국제회의기획업,1,2020,3,19,,,,,,2020-03-19
990363,국제회의기획업,1,2021,12,13,,,,,,2021-12-13
990364,국제회의기획업,1,2022,1,5,,,,,,2022-01-05
990365,국제회의기획업,1,2020,4,28,,,,,,2020-04-28
990366,국제회의기획업,1,2017,5,24,,,,,,2017-05-24
990367,국제회의기획업,1,2006,5,26,,,,,,2006-05-26
990368,국제회의기획업,1,2020,1,2,,,,,,2020-01-02
990369,국제회의기획업,1,2020,5,28,,,,,,2020-05-28
990370,국제회의기획업,1,2018,8,8,,,,,,2018-08-08
990371,국제회의기획업,1,2018,8,17,,,,,,2018-08-17
990372,국제회의기획업,1,2020,6,26,,,,,,2020-06-26
990373,국제회의기획업,1,2020,7,15,,,,,,2020-07-15
990374,국제회의기획업,1,2020,8,7,,,,,,2020-08-07
990375,국제회의기획업,1,2009,3,4,,,,,,2009-03-04
990376,국제회의기획업,1,2021,7,30,,,,,,2021-07-30
990377,국제회의기획업,1,2021,8,5,,,,,,2021-08-05
990378,국제회의기획업,1,2022,11,25,,,,,,2022-11-25
990379,국제회의기획업,1,2021,6,17,,,,,,2021-06-17
990380,국제회의기획업,1,2021,5,11,,,,,,2021-05-11
990381,국제회의기획업,1,2019,6,17,,,,,,2019-06-17
990382,국제회의기획업,1,2021,6,24,,,,,,2021-06-24
990383,국제회의기획업,1,2007,11,15,,,,,,2007-11-15
990384,국제회의기획업,1,2007,12,17,,,,,,2007-12-17
990385,국제회의기획업,1,2013,10,11,,,,,,2013-10-11
990386,국제회의기획업,1,2013,11,11,,,,,,2013-11-11
990387,국제회의기획업,1,2013,11,22,,,,,,2013-11-22
990388,국제회의기획업,1,2013,12,26,,,,,,2013-12-26
990389,국제회의기획업,1,2014,1,15,,,,,,2014-01-15
990390,국제회의기획업,1,2014,2,13,,,,,,2014-02-13
990391,국제회의기획업,1,2008,4,23,,,,,,2008-04-23
990392,국제회의기획업,1,2014,3,3,,,,,,2014-03-03
990393,국제회의기획업,1,2006,1,25,,,,,,2006-01-25
990394,국제회의기획업,1,2016,1,3,,,,,,2016-01-03
990395,국제회의기획업,1,2016,3,9,,,,,,2016-03-09
990396,국제회의기획업,1,2014,10,8,,,,,,2014-10-08
990397,국제회의기획업,1,2006,4,25,,,,,,2006-04-25
990398,국제회의기획업,1,2015,3,17,,,,,,2015-03-17
990399,국제회의기획업,1,2013,8,23,,,,,,2013-08-23
990400,국제회의기획업,1,2008,4,21,,,,,,2008-04-21
990401,국제회의기획업,1,2006,3,15,,,,,,2006-03-15
990402,국제회의기획업,1,2006,3,22,,,,,,2006-03-22
990403,국제회의기획업,1,2010,3,8,,,,,,2010-03-08
990404,국제회의기획업,1,2013,6,3,,,,,,2013-06-03
990405,국제회의기획업,1,2012,5,11,,,,,,2012-05-11
990406,국제회의기획업,1,2012,6,12,,,,,,2012-06-12
990407,국제회의기획업,1,2012,8,20,,,,,,2012-08-20
990408,국제회의기획업,1,2005,3,25,,,,,,2005-03-25
990409,국제회의기획업,1,2005,4,14,,,,,,2005-04-14
990410,국제회의기획업,1,2005,10,28,,,,,,2005-10-28
990411,국제회의기획업,1,2007,1,12,,,,,,2007-01-12
990412,국제회의기획업,1,2013,6,4,,,,,,2013-06-04
990413,국제회의기획업,1,2013,1,8,,,,,,2013-01-08
990414,국제회의기획업,1,2013,8,26,,,,,,2013-08-26
990415,국제회의기획업,1,2003,9,30,,,,,,2003-09-30
990416,국제회의기획업,1,2006,10,13,,,,,,2006-10-13
990417,국제회의기획업,1,2013,10,1,,,,,,2013-10-01
990418,국제회의기획업,1,2013,10,4,,,,,,2013-10-04
990419,국제회의기획업,1,2018,9,28,,,,,,2018-09-28
990420,국제회의기획업,1,2020,9,7,,,,,,2020-09-07
990421,국제회의기획업,1,2022,9,15,,,,,,2022-09-15
990422,국제회의기획업,1,2015,10,7,,,,,,2015-10-07
990423,국제회의기획업,1,2018,9,20,,,,,,2018-09-20
990424,국제회의기획업,1,2021,2,25,,,,,,2021-02-25
990425,국제회의기획업,1,2021,4,15,,,,,,2021-04-15
990426,국제회의기획업,1,2022,3,23,,,,,,2022-03-23
990427,국제회의기획업,1,2022,7,5,,,,,,2022-07-05
990428,국제회의기획업,1,2022,8,12,,,,,,2022-08-12
990429,국제회의기획업,1,2003,2,10,,,,,,2003-02-10
990430,국제회의기획업,1,2017,9,19,,,,,,2017-09-19
990431,국제회의기획업,1,2017,9,26,,,,,,2017-09-26
990432,국제회의기획업,1,2017,7,5,,,,,,2017-07-05
990433,국제회의기획업,1,2014,4,30,,,,,,2014-04-30
990434,국제회의기획업,1,2003,7,11,,,,,,2003-07-11
990435,국제회의기획업,1,2009,4,21,,,,,,2009-04-21
990436,국제회의기획업,1,2009,4,21,,,,,,2009-04-21
990437,국제회의기획업,1,2011,6,22,,,,,,2011-06-22
990438,국제회의기획업,1,2011,6,22,,,,,,2011-06-22
990439,국제회의기획업,1,2011,8,21,,,,,,2011-08-21
990440,국제회의기획업,1,2005,4,14,,,,,,2005-04-14
990441,국제회의기획업,1,2012,2,7,,,,,,2012-02-07
990442,국제회의기획업,1,2011,10,12,,,,,,2011-10-12
990443,국제회의기획업,1,2010,2,10,,,,,,2010-02-10
990444,국제회의기획업,1,2010,2,24,,,,,,2010-02-24
990445,국제회의기획업,1,2009,6,24,,,,,,2009-06-24
990446,국제회의기획업,1,2011,8,23,,,,,,2011-08-23
990447,국제회의기획업,1,2011,9,5,,,,,,2011-09-05
990448,국제회의기획업,1,2000,8,11,,,,,,2000-08-11
990449,국제회의기획업,1,2018,6,12,,,,,,2018-06-12
990450,국제회의기획업,1,2018,6,15,,,,,,2018-06-15
990451,국제회의기획업,1,2000,5,1,,,,,,2000-05-01
990452,국제회의기획업,1,2000,4,21,,,,,,2000-04-21
990453,국제회의기획업,1,2000,2,28,,,,,,2000-02-28
990454,국제회의기획업,1,2001,6,16,,,,,,2001-06-16
990455,국제회의기획업,1,2001,5,10,,,,,,2001-05-10
990456,국제회의기획업,1,2009,3,6,,,,,,2009-03-06
990457,국제회의기획업,1,2008,8,21,,,,,,2008-08-21
990458,국제회의기획업,1,2009,2,3,,,,,,2009-02-03
990459,국제회의기획업,1,2009,2,9,,,,,,2009-02-09
990460,국제회의기획업,1,2009,2,25,,,,,,2009-02-25
990461,국제회의기획업,1,2015,6,11,,,,,,2015-06-11
990462,국제회의기획업,1,2003,11,27,,,,,,2003-11-27
990463,국제회의기획업,1,2003,9,8,,,,,,2003-09-08
990464,국제회의기획업,1,2002,5,20,,,,,,2002-05-20
990465,국제회의기획업,1,2002,7,26,,,,,,2002-07-26
990466,국제회의기획업,1,2002,1,10,,,,,,2002-01-10
990467,국제회의기획업,1,2003,11,24,,,,,,2003-11-24
990468,국제회의기획업,1,2011,3,2,,,,,,2011-03-02
990469,국제회의기획업,1,2010,4,9,,,,,,2010-04-09
990470,국제회의기획업,1,2010,5,31,,,,,,2010-05-31
990471,국제회의기획업,1,2017,4,5,,,,,,2017-04-05
990472,국제회의기획업,1,2017,5,15,,,,,,2017-05-15
990473,국제회의기획업,1,2007,9,7,,,,,,2007-09-07
990474,국제회의기획업,1,2018,3,7,,,,,,2018-03-07
990475,국제회의기획업,1,2010,2,26,,,,,,2010-02-26
990476,국제회의기획업,1,2018,5,2,,,,,,2018-05-02
990477,국제회의기획업,1,2010,3,23,,,,,,2010-03-23
990478,국제회의기획업,1,2016,4,11,,,,,,2016-04-11
990479,국제회의기획업,1,2016,5,12,,,,,,2016-05-12
990480,국제회의기획업,1,2016,6,21,,,,,,2016-06-21
990481,국제회의기획업,1,1992,1,29,,,,,,1992-01-29
990482,국제회의기획업,1,1994,6,30,,,,,,1994-06-30
990483,국제회의기획업,1,1995,11,1,,,,,,1995-11-01
990484,국제회의기획업,1,1996,11,29,,,,,,1996-11-29
990485,국제회의기획업,1,2002,4,18,,,,,,2002-04-18
990486,국제회의기획업,1,2017,5,24,,,,,,2017-05-24
990487,국제회의기획업,1,2014,6,5,,,,,,2014-06-05
990488,국제회의기획업,1,2017,6,29,,,,,,2017-06-29
990489,국제회의기획업,1,2016,6,20,,,,,,2016-06-20
990490,국제회의기획업,1,1996,2,22,,,,,,1996-02-22
990491,국제회의기획업,1,1998,9,8,,,,,,1998-09-08
990492,국제회의기획업,1,1998,12,2,,,,,,1998-12-02
990493,국제회의기획업,1,2011,1,31,,,,,,2011-01-31
990494,국제회의기획업,1,2009,7,20,,,,,,2009-07-20
990495,국제회의기획업,1,2008,2,28,,,,,,2008-02-28
990496,국제회의기획업,1,2017,2,28,,,,,,2017-02-28
990497,국제회의기획업,1,2017,12,26,,,,,,2017-12-26
990498,국제회의기획업,1,2016,3,22,,,,,,2016-03-22
990499,국제회의기획업,1,2015,6,18,,,,,,2015-06-18
990500,국제회의기획업,1,2015,7,14,,,,,,2015-07-14
990501,국제회의기획업,1,2015,7,23,,,,,,2015-07-23
990502,국제회의기획업,1,2015,10,8,,,,,,2015-10-08
990503,국제회의기획업,1,2015,10,12,,,,,,2015-10-12
990504,국제회의기획업,1,2016,6,20,,,,,,2016-06-20
990505,국제회의기획업,1,2017,2,10,,,,,,2017-02-10
990506,국제회의기획업,1,2015,5,19,,,,,,2015-05-19
990507,국제회의기획업,1,1999,1,19,,,,,,1999-01-19
990508,국제회의기획업,1,1989,12,23,,,,,,1989-12-23
990509,국제회의기획업,1,1991,4,25,,,,,,1991-04-25
990510,국제회의기획업,1,2008,6,17,,,,,,2008-06-17
990511,국제회의기획업,1,2005,9,6,,,,,,2005-09-06
990512,국제회의기획업,1,2005,10,4,,,,,,2005-10-04
990513,국제회의기획업,1,2009,6,24,,,,,,2009-06-24
990514,국제회의기획업,1,1999,2,2,,,,,,1999-02-02
990515,국제회의기획업,1,2009,11,12,,,,,,2009-11-12
990516,국제회의기획업,1,2010,1,22,,,,,,2010-01-22
990517,국제회의기획업,1,2007,1,22,,,,,,2007-01-22
990518,국제회의기획업,1,2007,2,7,,,,,,2007-02-07
990519,국제회의기획업,1,2007,5,18,,,,,,2007-05-18
990520,국제회의기획업,1,2007,9,7,,,,,,2007-09-07
990521,국제회의기획업,1,2008,6,17,,,,,,2008-06-17
990522,국제회의기획업,1,2008,6,27,,,,,,2008-06-27
990523,국제회의기획업,1,2008,7,9,,,,,,2008-07-09
990524,국제회의기획업,1,2008,7,28,,,,,,2008-07-28
990525,국제회의기획업,1,2007,9,21,,,,,,2007-09-21
990526,국제회의기획업,1,2018,11,27,,,,,,2018-11-27
990527,국제회의기획업,1,2015,1,2,,,,,,2015-01-02
990528,국제회의기획업,1,2021,2,1,,,,,,2021-02-01
990529,국제회의기획업,1,2022,6,13,,,,,,2022-06-13
990530,국제회의기획업,1,2022,6,13,,,,,,2022-06-13
990531,국제회의기획업,1,2022,6,22,,,,,,2022-06-22
990532,국제회의기획업,1,2022,5,26,,,,,,2022-05-26
990533,국제회의기획업,1,2022,5,18,,,,,,2022-05-18
990534,국제회의기획업,1,2022,6,24,,,,,,2022-06-24
990535,국제회의기획업,1,2022,5,4,,,,,,2022-05-04
990536,국제회의기획업,0,2013,1,14,,,,,,2013-01-14
990537,국제회의기획업,0,2002,4,8,,,,,,2002-04-08
990538,국제회의기획업,0,2007,1,17,,,,,,2007-01-17
990539,국제회의기획업,0,2003,1,10,,,,,,2003-01-10
990540,국제회의기획업,0,2002,3,4,,,,,,2002-03-04
990541,국제회의기획업,0,2008,5,6,,,,,,2008-05-06
990542,국제회의기획업,0,2007,9,17,,,,,,2007-09-17
990543,국제회의기획업,0,2003,9,30,2019,2,13,16,2019-02-13,2003-09-30
990544,국제회의기획업,1,2010,5,3,,,,,,2010-05-03
990545,국제회의기획업,1,2015,5,29,,,,,,2015-05-29
990546,국제회의기획업,1,2012,11,6,,,,,,2012-11-06
990547,국제회의기획업,1,2012,5,15,,,,,,2012-05-15
990548,국제회의기획업,1,2012,2,8,,,,,,2012-02-08
990549,국제회의기획업,1,2017,8,14,,,,,,2017-08-14
990550,국제회의기획업,1,2015,3,5,,,,,,2015-03-05
990551,국제회의기획업,1,2009,5,29,,,,,,2009-05-29
990552,국제회의기획업,1,2016,2,4,,,,,,2016-02-04
990553,국제회의기획업,1,2016,3,2,,,,,,2016-03-02
990554,국제회의기획업,1,2022,5,11,,,,,,2022-05-11
990555,국제회의기획업,0,2009,12,30,,,,,,2009-12-30
990556,국제회의기획업,0,2008,12,1,,,,,,2008-12-01
990557,국제회의기획업,0,2014,8,1,,,,,,2014-08-01
990558,국제회의기획업,0,2013,9,2,,,,,,2013-09-02
990559,국제회의기획업,1,2016,9,5,,,,,,2016-09-05
990560,국제회의기획업,1,2018,3,22,,,,,,2018-03-22
990561,국제회의기획업,1,2022,2,8,,,,,,2022-02-08
990562,국제회의기획업,1,1998,11,20,,,,,,1998-11-20
990563,국제회의기획업,1,2016,6,2,,,,,,2016-06-02
990564,국제회의기획업,1,2017,7,20,,,,,,2017-07-20
990565,국제회의기획업,1,2017,10,13,,,,,,2017-10-13
990566,국제회의기획업,1,2018,11,8,,,,,,2018-11-08
990567,국제회의기획업,1,2018,7,30,,,,,,2018-07-30
990568,국제회의기획업,1,2021,7,19,,,,,,2021-07-19
990569,국제회의기획업,1,2021,2,9,,,,,,2021-02-09
990570,국제회의기획업,1,2021,8,23,,,,,,2021-08-23
990571,국제회의기획업,1,2022,11,14,,,,,,2022-11-14
990572,국제회의기획업,1,2021,6,9,,,,,,2021-06-09
990573,국제회의기획업,1,2021,5,13,,,,,,2021-05-13
990574,국제회의기획업,1,2021,5,27,,,,,,2021-05-27
990575,국제회의기획업,1,2020,1,17,,,,,,2020-01-17
990576,국제회의기획업,1,2020,2,20,,,,,,2020-02-20
990577,국제회의기획업,1,2013,6,4,,,,,,2013-06-04
990578,국제회의기획업,1,2015,11,18,,,,,,2015-11-18
990579,국제회의기획업,1,2020,5,13,,,,,,2020-05-13
990580,국제회의기획업,1,2017,12,15,,,,,,2017-12-15
990581,국제회의기획업,1,2019,12,13,,,,,,2019-12-13
990582,국제회의기획업,1,2022,3,22,,,,,,2022-03-22
990583,국제회의기획업,1,2022,2,21,,,,,,2022-02-21
990584,국제회의기획업,1,2019,5,7,,,,,,2019-05-07
990585,국제회의기획업,1,2019,5,15,,,,,,2019-05-15
990586,국제회의기획업,1,2007,4,9,,,,,,2007-04-09
990587,국제회의기획업,1,2018,6,25,,,,,,2018-06-25
990588,국제회의기획업,1,2018,12,17,,,,,,2018-12-17
990589,국제회의기획업,0,2002,7,9,2020,3,26,18,2020-03-26,2002-07-09
990590,국제회의기획업,0,2003,10,8,2008,4,24,5,2008-04-24,2003-10-08
990591,국제회의기획업,0,2005,3,23,2007,5,22,2,2007-05-22,2005-03-23
990592,국제회의기획업,0,2003,7,25,2005,12,22,2,2005-12-22,2003-07-25
990593,국제회의기획업,1,2010,2,18,,,,,,2010-02-18
990594,국제회의기획업,1,2019,3,27,,,,,,2019-03-27
990595,국제회의기획업,0,2016,12,27,2021,12,30,5,2021-12-30,2016-12-27
990596,국제회의기획업,1,2017,10,16,,,,,,2017-10-16
990597,국제회의기획업,0,2006,4,12,2009,4,14,3,2009-04-14,2006-04-12
990598,국제회의기획업,1,2010,4,22,,,,,,2010-04-22
990599,국제회의기획업,1,1999,7,14,,,,,,1999-07-14
990600,국제회의기획업,1,2015,5,8,,,,,,2015-05-08
990601,국제회의기획업,1,2011,11,30,,,,,,2011-11-30
990602,국제회의기획업,1,2009,7,24,,,,,,2009-07-24
990603,국제회의기획업,1,2006,2,21,,,,,,2006-02-21
990604,국제회의기획업,1,2017,4,10,,,,,,2017-04-10
990605,국제회의기획업,1,2016,7,7,,,,,,2016-07-07
990606,국제회의기획업,1,2021,6,21,,,,,,2021-06-21
990607,국제회의기획업,1,2022,7,27,,,,,,2022-07-27
990608,국제회의기획업,0,2015,5,19,2017,12,31,2,2017-12-31,2015-05-19
990609,국제회의기획업,1,2017,4,10,,,,,,2017-04-10
990610,국제회의기획업,1,2015,11,11,,,,,,2015-11-11
990611,국제회의기획업,1,2014,8,5,,,,,,2014-08-05
990612,국제회의기획업,1,2000,11,14,,,,,,2000-11-14
990613,국제회의기획업,1,2022,2,4,,,,,,2022-02-04
990614,국제회의기획업,0,2013,11,28,2021,2,18,8,2021-02-18,2013-11-28
990615,국제회의기획업,1,2018,3,30,,,,,,2018-03-30
990616,국제회의기획업,1,2017,5,1,,,,,,2017-05-01
990617,국제회의기획업,1,2021,7,13,,,,,,2021-07-13
990618,국제회의기획업,0,2017,9,7,2020,12,21,3,2020-12-21,2017-09-07
990619,국제회의기획업,1,2013,3,21,,,,,,2013-03-21
990620,국제회의기획업,1,2015,7,10,,,,,,2015-07-10
990621,국제회의기획업,1,2017,10,10,,,,,,2017-10-10
990622,국제회의기획업,1,2017,5,18,,,,,,2017-05-18
990623,국제회의기획업,1,2022,3,10,,,,,,2022-03-10
990624,국제회의기획업,1,2007,4,10,,,,,,2007-04-10
990625,국제회의기획업,1,2020,4,1,,,,,,2020-04-01
990626,국제회의기획업,1,2007,5,18,,,,,,2007-05-18
990627,국제회의기획업,1,2022,10,7,,,,,,2022-10-07
990628,국제회의기획업,1,2016,3,9,,,,,,2016-03-09
990629,국제회의기획업,0,2015,3,4,2020,4,8,5,2020-04-08,2015-03-04
990630,국제회의기획업,1,2020,11,24,,,,,,2020-11-24
990631,국제회의기획업,1,2013,1,9,,,,,,2013-01-09
990632,국제회의기획업,1,2002,4,26,,,,,,2002-04-26
990633,국제회의기획업,1,2006,1,23,,,,,,2006-01-23
990634,국제회의기획업,1,2006,1,23,,,,,,2006-01-23
990635,국제회의기획업,1,2006,2,21,,,,,,2006-02-21
990636,국제회의기획업,1,2008,1,18,,,,,,2008-01-18
990637,국제회의기획업,1,2001,2,3,,,,,,2001-02-03
990638,국제회의기획업,1,2010,2,17,,,,,,2010-02-17
990639,국제회의기획업,1,2009,5,18,,,,,,2009-05-18
990640,국제회의기획업,1,2007,8,28,,,,,,2007-08-28
990641,국제회의기획업,1,2012,1,20,,,,,,2012-01-20
990642,국제회의기획업,1,2012,6,14,,,,,,2012-06-14
990643,국제회의기획업,1,2022,4,21,,,,,,2022-04-21
990644,국제회의기획업,1,2019,7,10,,,,,,2019-07-10
990645,국제회의기획업,0,2002,2,3,2014,4,14,12,2014-04-14,2002-02-03
990646,국제회의기획업,0,2003,2,14,2008,5,8,5,2008-05-08,2003-02-14
990647,국제회의기획업,0,2004,2,20,2016,8,26,12,2016-08-26,2004-02-20
990648,국제회의기획업,0,2006,3,6,2007,7,12,1,2007-07-12,2006-03-06
990649,국제회의기획업,0,2000,8,8,2007,3,13,7,2007-03-13,2000-08-08
990650,국제회의기획업,1,2019,1,23,,,,,,2019-01-23
990651,국제회의기획업,0,2001,2,3,2018,3,9,17,2018-03-09,2001-02-03
990652,국제회의기획업,1,2020,9,8,,,,,,2020-09-08
990653,국제회의기획업,1,2022,10,25,,,,,,2022-10-25
990654,국제회의기획업,1,2022,6,3,,,,,,2022-06-03
990655,국제회의기획업,1,2020,4,6,,,,,,2020-04-06
990656,국제회의기획업,1,2021,11,10,,,,,,2021-11-10
990657,국제회의기획업,1,2013,7,12,,,,,,2013-07-12
990658,국제회의기획업,1,2020,7,28,,,,,,2020-07-28
990659,국제회의기획업,1,2021,8,23,,,,,,2021-08-23
990660,국제회의기획업,1,2022,11,21,,,,,,2022-11-21
990661,국제회의기획업,1,2021,5,21,,,,,,2021-05-21
990662,국제회의기획업,1,2021,4,29,,,,,,2021-04-29
990663,국제회의기획업,1,2012,7,24,,,,,,2012-07-24
990664,국제회의기획업,1,2020,1,17,,,,,,2020-01-17
990665,국제회의기획업,1,2022,1,4,,,,,,2022-01-04
990666,국제회의기획업,1,2020,4,1,,,,,,2020-04-01
990667,국제회의기획업,1,2020,6,15,,,,,,2020-06-15
990668,국제회의기획업,1,2019,12,5,,,,,,2019-12-05
990669,국제회의기획업,1,2022,3,10,,,,,,2022-03-10
990670,국제회의기획업,1,2013,3,12,,,,,,2013-03-12
990671,국제회의기획업,1,2012,11,1,,,,,,2012-11-01
990672,국제회의기획업,1,2013,4,2,,,,,,2013-04-02
990673,국제회의기획업,1,2013,4,15,,,,,,2013-04-15
990674,국제회의기획업,1,2013,2,6,,,,,,2013-02-06
990675,국제회의기획업,1,2007,3,19,,,,,,2007-03-19
990676,국제회의기획업,1,2014,3,28,,,,,,2014-03-28
990677,국제회의기획업,1,2015,4,9,,,,,,2015-04-09
990678,국제회의기획업,1,2016,3,23,,,,,,2016-03-23
990679,국제회의기획업,1,2015,12,17,,,,,,2015-12-17
990680,국제회의기획업,1,2016,8,11,,,,,,2016-08-11
990681,국제회의기획업,1,2016,8,19,,,,,,2016-08-19
990682,국제회의기획업,1,2013,7,17,,,,,,2013-07-17
990683,국제회의기획업,1,2016,10,28,,,,,,2016-10-28
990684,국제회의기획업,1,2015,6,19,,,,,,2015-06-19
990685,국제회의기획업,1,2017,5,2,,,,,,2017-05-02
990686,국제회의기획업,1,2017,7,12,,,,,,2017-07-12
990687,국제회의기획업,1,2017,9,29,,,,,,2017-09-29
990688,국제회의기획업,1,2018,5,3,,,,,,2018-05-03
990689,국제회의기획업,1,2018,7,18,,,,,,2018-07-18
990690,국제회의기획업,1,2022,4,15,,,,,,2022-04-15
990691,국제회의기획업,1,2020,2,17,,,,,,2020-02-17
990692,국제회의기획업,1,2020,1,8,,,,,,2020-01-08
990693,국제회의기획업,0,2009,4,9,2011,9,30,2,2011-09-30,2009-04-09
990694,국제회의기획업,0,2013,2,4,2017,8,31,4,2017-08-31,2013-02-04
990695,국제회의기획업,0,2003,6,30,2007,5,21,4,2007-05-21,2003-06-30
990696,국제회의기획업,1,2022,5,4,,,,,,2022-05-04
990697,국제회의기획업,1,2019,1,17,,,,,,2019-01-17
990698,국제회의기획업,0,2012,4,20,2019,7,12,7,2019-07-12,2012-04-20
990699,국제회의기획업,0,2005,3,28,,,,,,2005-03-28
990700,국제회의기획업,1,2012,8,1,,,,,,2012-08-01
990701,국제회의기획업,1,2020,8,20,,,,,,2020-08-20
990702,국제회의기획업,1,2020,2,12,,,,,,2020-02-12
990703,국제회의기획업,0,2006,5,26,2012,4,20,6,2012-04-20,2006-05-26
990704,국제회의기획업,0,2017,9,14,2022,7,28,5,2022-07-28,2017-09-14
990705,국제회의기획업,1,2017,8,21,,,,,,2017-08-21
990706,국제회의기획업,1,2022,6,30,,,,,,2022-06-30
990707,국제회의기획업,1,2017,5,22,,,,,,2017-05-22
990708,국제회의기획업,1,2018,11,27,,,,,,2018-11-27
990709,국제회의기획업,1,2022,5,11,,,,,,2022-05-11
990710,국제회의기획업,1,2021,7,6,,,,,,2021-07-06
990711,국제회의기획업,1,2011,6,8,,,,,,2011-06-08
990712,국제회의기획업,1,2021,4,27,,,,,,2021-04-27
990713,국제회의기획업,1,2019,9,6,,,,,,2019-09-06
990714,국제회의기획업,1,2006,2,3,,,,,,2006-02-03
990715,국제회의기획업,1,2022,7,13,,,,,,2022-07-13
990716,국제회의기획업,1,2018,11,28,,,,,,2018-11-28
990717,국제회의기획업,1,2008,5,27,,,,,,2008-05-27
990718,국제회의기획업,1,2005,11,16,,,,,,2005-11-16
990719,국제회의기획업,1,2018,3,23,,,,,,2018-03-23
990720,국제회의기획업,1,2021,8,3,,,,,,2021-08-03
990721,국제회의기획업,1,2015,7,2,,,,,,2015-07-02
990722,국제회의기획업,1,2014,12,18,,,,,,2014-12-18
990723,국제회의기획업,0,2008,12,29,2015,7,3,7,2015-07-03,2008-12-29
990724,국제회의기획업,1,2014,2,20,,,,,,2014-02-20
990725,국제회의기획업,1,2019,2,8,,,,,,2019-02-08
990726,국제회의기획업,1,2020,3,5,,,,,,2020-03-05
990727,국제회의기획업,1,2016,3,4,,,,,,2016-03-04
990728,국제회의기획업,0,2014,3,6,2019,5,8,5,2019-05-08,2014-03-06
990729,국제회의기획업,1,2021,1,26,,,,,,2021-01-26
990730,국제회의기획업,1,2010,10,11,,,,,,2010-10-11
990731,국제회의기획업,1,2005,3,17,,,,,,2005-03-17
990732,국제회의기획업,1,2006,3,3,,,,,,2006-03-03
990733,국제회의기획업,1,2010,5,11,,,,,,2010-05-11
990734,국제회의기획업,1,2014,4,1,,,,,,2014-04-01
990735,국제회의기획업,1,2021,1,19,,,,,,2021-01-19
990736,국제회의기획업,1,2017,4,17,,,,,,2017-04-17
990737,국제회의기획업,1,2020,6,1,,,,,,2020-06-01
990738,국제회의기획업,1,2016,5,23,,,,,,2016-05-23
990739,국제회의기획업,1,2015,1,14,,,,,,2015-01-14
990740,국제회의기획업,1,2004,11,5,,,,,,2004-11-05
990741,국제회의기획업,1,2017,5,24,,,,,,2017-05-24
990742,국제회의기획업,1,2016,2,25,,,,,,2016-02-25
990743,국제회의기획업,1,2010,7,15,,,,,,2010-07-15
990744,국제회의기획업,1,2014,10,2,,,,,,2014-10-02
990745,국제회의기획업,1,2017,6,22,,,,,,2017-06-22
990746,국제회의기획업,1,2017,2,23,,,,,,2017-02-23
990747,국제회의기획업,1,2014,7,17,,,,,,2014-07-17
990748,국제회의기획업,1,2012,1,12,,,,,,2012-01-12
990749,국제회의기획업,1,2002,8,22,,,,,,2002-08-22
990750,국제회의기획업,1,2020,1,14,,,,,,2020-01-14
990751,국제회의기획업,1,2020,8,21,,,,,,2020-08-21
990752,국제회의기획업,1,2021,11,26,,,,,,2021-11-26
990753,국제회의기획업,1,2014,4,24,,,,,,2014-04-24
990754,국제회의기획업,1,2013,2,27,,,,,,2013-02-27
990755,국제회의기획업,1,2009,10,26,,,,,,2009-10-26
990756,국제회의기획업,1,2016,2,17,,,,,,2016-02-17
990757,국제회의기획업,0,2017,2,27,,,,,,2017-02-27
990758,국제회의기획업,0,2017,2,17,,,,,,2017-02-17
990759,국제회의기획업,0,2010,4,8,2017,9,15,7,2017-09-15,2010-04-08
990760,국제회의기획업,1,2015,9,25,,,,,,2015-09-25
990761,국제회의기획업,0,2006,9,28,2014,1,22,8,2014-01-22,2006-09-28
990762,국제회의기획업,1,2019,4,5,,,,,,2019-04-05
990763,국제회의기획업,1,2010,4,6,,,,,,2010-04-06
990764,국제회의기획업,1,2017,1,23,,,,,,2017-01-23
990765,국제회의기획업,1,2020,10,26,,,,,,2020-10-26
990766,국제회의기획업,1,2018,2,5,,,,,,2018-02-05
990767,국제회의기획업,1,2017,9,15,,,,,,2017-09-15
990768,국제회의기획업,1,2014,12,26,,,,,,2014-12-26
990769,국제회의기획업,1,2015,5,1,,,,,,2015-05-01
990770,국제회의기획업,1,2008,4,7,,,,,,2008-04-07
990771,국제회의기획업,0,2013,9,16,,,,,,2013-09-16
990772,국제회의기획업,1,2020,5,21,,,,,,2020-05-21
990773,국제회의기획업,1,2009,12,8,,,,,,2009-12-08
990774,국제회의기획업,0,2007,8,27,2012,8,28,5,2012-08-28,2007-08-27
990775,국제회의기획업,1,2008,7,18,,,,,,2008-07-18
990776,국제회의기획업,1,2008,6,24,,,,,,2008-06-24
990777,국제회의기획업,0,2017,1,2,2021,12,31,4,2021-12-31,2017-01-02
990778,국제회의기획업,1,2020,4,16,,,,,,2020-04-16
990779,국제회의기획업,1,2006,6,22,,,,,,2006-06-22
990780,국제회의기획업,1,2022,4,6,,,,,,2022-04-06
990781,국제회의기획업,1,2016,9,12,,,,,,2016-09-12
990782,국제회의기획업,1,2019,7,24,,,,,,2019-07-24
990783,국제회의기획업,1,2021,3,11,,,,,,2021-03-11
990784,국제회의기획업,1,2017,12,14,,,,,,2017-12-14
990785,국제회의기획업,1,2007,10,15,,,,,,2007-10-15
990786,국제회의기획업,1,2014,2,6,,,,,,2014-02-06
990787,국제회의기획업,1,2020,7,20,,,,,,2020-07-20
990788,국제회의기획업,0,2006,4,4,2013,6,13,7,2013-06-13,2006-04-04
990789,국제회의기획업,1,2014,3,19,,,,,,2014-03-19
990790,국제회의기획업,1,2021,4,26,,,,,,2021-04-26
990791,국제회의기획업,1,2020,5,18,,,,,,2020-05-18
990792,국제회의기획업,1,2022,4,27,,,,,,2022-04-27
990793,국제회의기획업,1,2014,9,23,,,,,,2014-09-23
990794,국제회의기획업,1,2018,2,12,,,,,,2018-02-12
990795,국제회의기획업,1,2006,6,5,,,,,,2006-06-05
990796,국제회의기획업,1,2013,4,2,,,,,,2013-04-02
990797,국제회의기획업,1,2013,7,3,,,,,,2013-07-03
990798,국제회의기획업,1,2014,6,10,,,,,,2014-06-10
990799,국제회의기획업,1,2017,3,13,,,,,,2017-03-13
990800,국제회의기획업,0,2016,3,4,2019,12,16,3,2019-12-16,2016-03-04
990801,국제회의기획업,1,2012,5,4,,,,,,2012-05-04
990802,국제회의기획업,1,2022,3,22,,,,,,2022-03-22
990803,국제회의기획업,1,2021,2,23,,,,,,2021-02-23
990804,국제회의기획업,1,2014,4,21,,,,,,2014-04-21
990805,국제회의기획업,1,2014,5,16,,,,,,2014-05-16
990806,국제회의기획업,1,2017,4,18,,,,,,2017-04-18
990807,국제회의기획업,1,2006,2,28,,,,,,2006-02-28
990808,국제회의기획업,1,2014,5,19,,,,,,2014-05-19
990809,국제회의기획업,1,2019,12,2,,,,,,2019-12-02
990810,국제회의기획업,0,2014,8,26,2018,2,2,4,2018-02-02,2014-08-26
990811,국제회의기획업,1,2020,2,17,,,,,,2020-02-17
990812,국제회의기획업,1,2019,10,2,,,,,,2019-10-02
990813,국제회의기획업,1,2017,12,26,,,,,,2017-12-26
990814,국제회의기획업,1,2014,4,8,,,,,,2014-04-08
990815,국제회의기획업,1,2022,8,17,,,,,,2022-08-17
990816,국제회의기획업,0,2015,4,22,2018,6,28,3,2018-06-28,2015-04-22
990817,국제회의기획업,1,2011,7,6,,,,,,2011-07-06
990818,국제회의기획업,1,2021,2,19,,,,,,2021-02-19
990819,국제회의기획업,1,2019,8,1,,,,,,2019-08-01
990820,국제회의기획업,1,2011,6,10,,,,,,2011-06-10
990821,국제회의기획업,1,2013,9,30,,,,,,2013-09-30
990822,국제회의기획업,1,2019,8,20,,,,,,2019-08-20
990823,국제회의기획업,1,2014,4,22,,,,,,2014-04-22
990824,국제회의기획업,1,2019,4,30,,,,,,2019-04-30
990825,국제회의기획업,1,2013,8,16,,,,,,2013-08-16
990826,국제회의기획업,1,2018,1,9,,,,,,2018-01-09
990827,국제회의기획업,1,2016,5,10,,,,,,2016-05-10
990828,국제회의기획업,1,2014,6,7,,,,,,2014-06-07
990829,국제회의기획업,1,2013,8,22,,,,,,2013-08-22
990830,국제회의기획업,1,2012,2,23,,,,,,2012-02-23
990831,국제회의기획업,1,2010,8,13,,,,,,2010-08-13
990832,국제회의기획업,1,2011,6,15,,,,,,2011-06-15
990833,국제회의기획업,1,2008,10,28,,,,,,2008-10-28
990834,국제회의기획업,1,2010,7,19,,,,,,2010-07-19
990835,국제회의기획업,1,2007,8,22,,,,,,2007-08-22
990836,국제회의기획업,1,2006,1,19,,,,,,2006-01-19
990837,국제회의기획업,1,2006,8,30,,,,,,2006-08-30
990838,국제회의기획업,1,2020,5,28,,,,,,2020-05-28
990839,국제회의기획업,1,2019,5,23,,,,,,2019-05-23
990840,국제회의기획업,1,2021,4,19,,,,,,2021-04-19
990841,국제회의기획업,0,2017,2,13,2019,5,22,2,2019-05-22,2017-02-13
990842,국제회의기획업,1,2022,4,13,,,,,,2022-04-13
990843,국제회의기획업,1,2019,3,22,,,,,,2019-03-22
990844,국제회의기획업,1,2019,10,29,,,,,,2019-10-29
990845,국제회의기획업,1,2020,6,12,,,,,,2020-06-12
990846,국제회의기획업,1,2016,8,26,,,,,,2016-08-26
990847,국제회의기획업,1,2008,10,2,,,,,,2008-10-02
990848,국제회의기획업,1,2015,4,24,,,,,,2015-04-24
990849,국제회의기획업,1,2014,5,9,,,,,,2014-05-09
990850,국제회의기획업,1,2014,7,28,,,,,,2014-07-28
990851,국제회의기획업,1,2014,8,6,,,,,,2014-08-06
990852,국제회의기획업,1,2009,2,4,,,,,,2009-02-04
990853,국제회의기획업,1,2010,8,11,,,,,,2010-08-11
990854,국제회의기획업,1,2013,5,6,,,,,,2013-05-06
990855,국제회의기획업,1,2013,11,26,,,,,,2013-11-26
990856,국제회의기획업,0,2015,6,24,2016,12,12,1,2016-12-12,2015-06-24
990857,국제회의기획업,1,2019,9,23,,,,,,2019-09-23
990858,국제회의기획업,1,2012,9,14,,,,,,2012-09-14
990859,국제회의기획업,1,2008,6,17,,,,,,2008-06-17
990860,국제회의기획업,1,2012,11,13,,,,,,2012-11-13
990861,국제회의기획업,1,2020,3,12,,,,,,2020-03-12
990862,국제회의기획업,1,2022,4,21,,,,,,2022-04-21
990863,국제회의기획업,1,2022,7,4,,,,,,2022-07-04
990864,국제회의기획업,1,2017,1,12,,,,,,2017-01-12
990865,국제회의기획업,1,2009,7,22,,,,,,2009-07-22
990866,국제회의기획업,1,2018,5,4,,,,,,2018-05-04
990867,국제회의기획업,1,2017,2,22,,,,,,2017-02-22
990868,국제회의기획업,0,2017,4,6,2018,12,31,1,2018-12-31,2017-04-06
990869,국제회의기획업,1,2015,6,1,,,,,,2015-06-01
990870,국제회의기획업,1,2012,12,12,,,,,,2012-12-12
990871,국제회의기획업,0,2011,5,16,2015,7,31,4,2015-07-31,2011-05-16
990872,국제회의기획업,0,2018,7,11,2020,7,14,2,2020-07-14,2018-07-11
990873,국제회의기획업,1,2010,3,18,,,,,,2010-03-18
990874,국제회의기획업,1,2020,5,27,,,,,,2020-05-27
990875,국제회의기획업,1,2021,5,26,,,,,,2021-05-26
990876,국제회의기획업,1,2020,5,29,,,,,,2020-05-29
990877,국제회의기획업,1,2011,9,19,,,,,,2011-09-19
990878,국제회의기획업,1,2020,6,8,,,,,,2020-06-08
990879,국제회의기획업,1,2017,2,27,,,,,,2017-02-27
990880,국제회의기획업,1,2017,2,27,,,,,,2017-02-27
990881,국제회의기획업,1,2016,7,6,,,,,,2016-07-06
990882,국제회의기획업,1,2021,4,15,,,,,,2021-04-15
990883,국제회의기획업,1,2020,11,17,,,,,,2020-11-17
990884,국제회의기획업,0,2019,8,27,2021,12,23,2,2021-12-23,2019-08-27
990885,국제회의기획업,0,2014,1,16,2016,2,28,2,2016-02-28,2014-01-16
990886,국제회의기획업,1,2015,6,8,,,,,,2015-06-08
990887,국제회의기획업,1,2018,7,16,,,,,,2018-07-16
990888,국제회의기획업,1,2013,8,23,,,,,,2013-08-23
990889,국제회의기획업,1,2016,12,1,,,,,,2016-12-01
990890,국제회의기획업,1,2017,6,19,,,,,,2017-06-19
990891,국제회의기획업,1,2017,11,1,,,,,,2017-11-01
990892,국제회의기획업,1,2007,4,24,,,,,,2007-04-24
990893,국제회의기획업,1,2018,6,29,,,,,,2018-06-29
990894,국제회의기획업,1,2020,8,27,,,,,,2020-08-27
990895,국제회의기획업,1,2021,5,13,,,,,,2021-05-13
990896,국제회의기획업,1,2022,3,24,,,,,,2022-03-24
990897,국제회의기획업,0,2009,4,14,2009,12,31,0,2009-12-31,2009-04-14
990898,국제회의기획업,0,2017,12,14,2019,5,30,2,2019-05-30,2017-12-14
990899,국제회의기획업,1,2004,11,1,,,,,,2004-11-01
990900,국제회의기획업,1,2011,2,23,,,,,,2011-02-23
990901,국제회의기획업,1,2016,4,8,,,,,,2016-04-08
990902,국제회의기획업,1,2009,7,15,,,,,,2009-07-15
990903,국제회의기획업,1,2008,2,27,,,,,,2008-02-27
990904,국제회의기획업,1,2014,10,14,,,,,,2014-10-14
990905,국제회의기획업,1,2021,11,15,,,,,,2021-11-15
990906,국제회의기획업,1,2022,5,20,,,,,,2022-05-20
990907,국제회의기획업,1,2020,3,27,,,,,,2020-03-27
990908,국제회의기획업,1,2019,6,10,,,,,,2019-06-10
990909,국제회의기획업,1,2021,2,9,,,,,,2021-02-09
990910,국제회의기획업,1,2018,5,3,,,,,,2018-05-03
990911,국제회의기획업,0,2017,7,14,2021,3,19,4,2021-03-19,2017-07-14
990912,국제회의기획업,1,2018,9,27,,,,,,2018-09-27
990913,국제회의기획업,1,2012,4,17,,,,,,2012-04-17
990914,국제회의기획업,1,2022,5,24,,,,,,2022-05-24
990915,국제회의기획업,1,2016,4,20,,,,,,2016-04-20
990916,국제회의기획업,1,2021,12,20,,,,,,2021-12-20
990917,국제회의기획업,1,2019,10,25,,,,,,2019-10-25
990918,국제회의기획업,1,2021,5,25,,,,,,2021-05-25
990919,국제회의기획업,1,2006,11,22,,,,,,2006-11-22
990920,국제회의기획업,1,2018,4,18,,,,,,2018-04-18
990921,국제회의기획업,1,2021,1,14,,,,,,2021-01-14
990922,국제회의기획업,1,2008,3,21,,,,,,2008-03-21
990923,국제회의기획업,1,2009,2,10,,,,,,2009-02-10
990924,국제회의기획업,1,2010,5,24,,,,,,2010-05-24
990925,국제회의기획업,1,2011,7,4,,,,,,2011-07-04
990926,국제회의기획업,1,2013,7,1,,,,,,2013-07-01
990927,국제회의기획업,1,2014,3,10,,,,,,2014-03-10
990928,국제회의기획업,1,2014,4,22,,,,,,2014-04-22
990929,국제회의기획업,1,2011,6,7,,,,,,2011-06-07
990930,국제회의기획업,1,2018,11,23,,,,,,2018-11-23
990931,국제회의기획업,1,2016,7,5,,,,,,2016-07-05
990932,국제회의기획업,1,2008,5,6,,,,,,2008-05-06
990933,국제회의기획업,1,2014,4,16,,,,,,2014-04-16
990934,국제회의기획업,1,2021,1,27,,,,,,2021-01-27
990935,국제회의기획업,1,2018,11,27,,,,,,2018-11-27
990936,국제회의기획업,1,2014,5,15,,,,,,2014-05-15
990937,국제회의기획업,1,2016,11,18,,,,,,2016-11-18
990938,국제회의기획업,1,2020,1,6,,,,,,2020-01-06
990939,국제회의기획업,1,2017,10,30,,,,,,2017-10-30
990940,국제회의기획업,1,2016,9,6,,,,,,2016-09-06
990941,국제회의기획업,1,2017,4,25,,,,,,2017-04-25
990942,국제회의기획업,1,2016,10,27,,,,,,2016-10-27
990943,국제회의기획업,1,2021,11,24,,,,,,2021-11-24
990944,국제회의기획업,1,2019,3,25,,,,,,2019-03-25
990945,국제회의기획업,1,2013,6,20,,,,,,2013-06-20
990946,국제회의기획업,1,2021,2,17,,,,,,2021-02-17
990947,국제회의기획업,0,2003,1,10,2018,2,9,15,2018-02-09,2003-01-10
990948,국제회의기획업,1,2015,10,23,,,,,,2015-10-23
990949,국제회의기획업,1,2016,6,16,,,,,,2016-06-16
990950,국제회의기획업,1,2011,12,29,,,,,,2011-12-29
990951,국제회의기획업,1,2022,6,3,,,,,,2022-06-03
990952,국제회의기획업,1,2020,7,3,,,,,,2020-07-03
990953,국제회의기획업,1,2019,9,27,,,,,,2019-09-27
990954,국제회의기획업,1,2011,11,7,,,,,,2011-11-07
990955,국제회의기획업,1,2014,2,11,,,,,,2014-02-11
990956,국제회의기획업,1,2017,9,12,,,,,,2017-09-12
990957,국제회의기획업,1,2013,10,2,,,,,,2013-10-02
990958,국제회의기획업,1,2022,6,3,,,,,,2022-06-03
990959,국제회의기획업,1,2021,8,27,,,,,,2021-08-27
990960,국제회의기획업,1,2020,3,13,,,,,,2020-03-13
990961,국제회의기획업,1,2022,7,18,,,,,,2022-07-18
990962,국제회의기획업,1,2021,3,9,,,,,,2021-03-09
990963,국제회의기획업,1,2004,7,29,,,,,,2004-07-29
990964,국제회의기획업,1,2015,7,23,,,,,,2015-07-23
990965,국제회의기획업,1,2014,12,16,,,,,,2014-12-16
990966,국제회의기획업,1,2014,5,1,,,,,,2014-05-01
990967,국제회의기획업,1,2012,1,27,,,,,,2012-01-27
990968,국제회의기획업,1,2022,9,29,,,,,,2022-09-29
990969,국제회의기획업,1,2014,11,28,,,,,,2014-11-28
990970,국제회의기획업,1,2021,11,24,,,,,,2021-11-24
990971,국제회의기획업,0,2013,11,1,2018,4,23,5,2018-04-23,2013-11-01
990972,국제회의기획업,1,2017,7,18,,,,,,2017-07-18
990973,국제회의기획업,1,2020,8,19,,,,,,2020-08-19
990974,국제회의기획업,1,2018,1,2,,,,,,2018-01-02
990975,국제회의기획업,1,2017,11,7,,,,,,2017-11-07
990976,국제회의기획업,1,2018,11,26,,,,,,2018-11-26
990977,국제회의기획업,0,2013,4,24,2018,6,30,5,2018-06-30,2013-04-24
990978,국제회의기획업,0,2013,4,24,2021,1,15,8,2021-01-15,2013-04-24
990979,국제회의기획업,1,2017,7,18,,,,,,2017-07-18
990980,국제회의기획업,1,2019,5,28,,,,,,2019-05-28
990981,국제회의기획업,1,2022,4,27,,,,,,2022-04-27
990982,국제회의기획업,1,2015,7,20,,,,,,2015-07-20
990983,국제회의기획업,1,2014,5,23,,,,,,2014-05-23
990984,국제회의기획업,1,2017,5,17,,,,,,2017-05-17
990985,국제회의기획업,1,2019,6,5,,,,,,2019-06-05
990986,국제회의기획업,1,2015,4,2,,,,,,2015-04-02
990987,국제회의기획업,1,2021,5,14,,,,,,2021-05-14
990988,국제회의기획업,1,2021,8,31,,,,,,2021-08-31
990989,국제회의기획업,1,2022,4,26,,,,,,2022-04-26
990990,국제회의기획업,1,2016,6,9,,,,,,2016-06-09
990991,국제회의기획업,1,2020,5,12,,,,,,2020-05-12
990992,국제회의기획업,1,2021,9,28,,,,,,2021-09-28
990993,국제회의기획업,1,2014,8,5,,,,,,2014-08-05
990994,국제회의기획업,1,2018,12,6,,,,,,2018-12-06
990995,국제회의기획업,1,2018,10,2,,,,,,2018-10-02
990996,국제회의기획업,1,2022,8,8,,,,,,2022-08-08
990997,국제회의기획업,1,2022,7,6,,,,,,2022-07-06
990998,국제회의기획업,1,2022,12,5,,,,,,2022-12-05
990999,국제회의기획업,1,2020,7,31,,,,,,2020-07-31
991000,국제회의기획업,1,2020,5,22,,,,,,2020-05-22
991001,국제회의기획업,1,2019,4,18,,,,,,2019-04-18
991002,국제회의기획업,1,2014,10,14,,,,,,2014-10-14
991003,국제회의기획업,1,2016,10,7,,,,,,2016-10-07
991004,국제회의기획업,1,2017,5,18,,,,,,2017-05-18
991005,국제회의기획업,1,2010,3,16,,,,,,2010-03-16
991006,국제회의기획업,1,2011,4,26,,,,,,2011-04-26
991007,국제회의기획업,1,2012,7,5,,,,,,2012-07-05
991008,국제회의기획업,1,2014,6,9,,,,,,2014-06-09
991009,국제회의기획업,1,2022,4,15,,,,,,2022-04-15
991010,국제회의기획업,1,2020,5,29,,,,,,2020-05-29
991011,국제회의기획업,1,2022,7,19,,,,,,2022-07-19
991012,국제회의기획업,1,2022,7,7,,,,,,2022-07-07
991013,국제회의기획업,1,2021,5,28,,,,,,2021-05-28
991014,국제회의기획업,1,2022,3,2,,,,,,2022-03-02
991015,국제회의기획업,1,2022,3,23,,,,,,2022-03-23
991016,국제회의기획업,1,2019,1,28,,,,,,2019-01-28
991017,국제회의기획업,1,2019,2,28,,,,,,2019-02-28
991018,국제회의기획업,1,2020,6,25,,,,,,2020-06-25
991019,국제회의기획업,1,2017,2,7,,,,,,2017-02-07
991020,국제회의기획업,1,2020,3,13,,,,,,2020-03-13
991021,국제회의기획업,1,2014,12,15,,,,,,2014-12-15
991022,국제회의기획업,1,2015,11,5,,,,,,2015-11-05
991023,국제회의기획업,1,2013,6,28,,,,,,2013-06-28
991024,국제회의기획업,1,2014,1,23,,,,,,2014-01-23
991025,국제회의기획업,1,2019,9,17,,,,,,2019-09-17
991026,국제회의기획업,1,2015,11,23,,,,,,2015-11-23
991027,국제회의기획업,1,2015,7,6,,,,,,2015-07-06
991028,국제회의기획업,1,2015,1,2,,,,,,2015-01-02
991029,국제회의기획업,1,2012,12,12,,,,,,2012-12-12
991030,국제회의기획업,1,2016,12,23,,,,,,2016-12-23
991031,국제회의기획업,0,2013,12,2,2016,1,29,3,2016-01-29,2013-12-02
991032,국제회의기획업,1,2016,7,28,,,,,,2016-07-28
991033,국제회의기획업,1,2018,7,3,,,,,,2018-07-03
991034,국제회의기획업,1,2018,2,23,,,,,,2018-02-23
991035,국제회의기획업,1,2013,7,5,,,,,,2013-07-05
991036,국제회의기획업,1,2020,4,13,,,,,,2020-04-13
991037,국제회의기획업,1,2018,12,4,,,,,,2018-12-04
991038,국제회의기획업,1,2021,5,10,,,,,,2021-05-10
991039,국제회의기획업,1,2010,8,30,,,,,,2010-08-30
991040,국제회의기획업,1,2021,5,12,,,,,,2021-05-12
991041,국제회의기획업,1,2013,6,5,,,,,,2013-06-05
991042,국제회의기획업,1,2017,5,4,,,,,,2017-05-04
991043,국제회의기획업,1,2021,10,28,,,,,,2021-10-28
991044,국제회의기획업,1,2021,11,25,,,,,,2021-11-25
991045,국제회의기획업,1,2014,8,21,,,,,,2014-08-21
991046,국제회의기획업,0,2015,7,9,2016,12,23,1,2016-12-23,2015-07-09
991047,국제회의기획업,1,2019,5,17,,,,,,2019-05-17
991048,국제회의기획업,1,2011,8,1,,,,,,2011-08-01
991049,국제회의기획업,1,2020,5,1,,,,,,2020-05-01
991050,국제회의기획업,1,2007,6,22,,,,,,2007-06-22
991051,국제회의기획업,1,2014,10,24,,,,,,2014-10-24
991052,국제회의기획업,0,2011,3,22,,,,,,2011-03-22
991053,국제회의기획업,1,2022,8,2,,,,,,2022-08-02
991054,국제회의기획업,0,2006,8,11,,,,,,2006-08-11
991055,국제회의기획업,0,2008,10,1,2011,8,24,3,2011-08-24,2008-10-01
991056,국제회의기획업,0,2009,1,9,2020,4,3,11,2020-04-03,2009-01-09
991057,국제회의기획업,0,2011,10,21,2021,10,21,10,2021-10-21,2011-10-21
991058,국제회의기획업,1,2022,2,10,,,,,,2022-02-10
991059,국제회의기획업,1,2010,5,26,,,,,,2010-05-26
991060,국제회의기획업,1,2014,1,21,,,,,,2014-01-21
991061,국제회의기획업,1,2014,8,14,,,,,,2014-08-14
991062,국제회의기획업,1,2014,8,26,,,,,,2014-08-26
991063,국제회의기획업,1,2015,4,20,,,,,,2015-04-20
991064,국제회의기획업,1,2015,4,28,,,,,,2015-04-28
991065,국제회의기획업,1,2020,4,24,,,,,,2020-04-24
991066,국제회의기획업,1,2013,3,28,,,,,,2013-03-28
991067,국제회의기획업,1,2020,5,28,,,,,,2020-05-28
991068,국제회의기획업,1,2010,7,5,,,,,,2010-07-05
991069,국제회의기획업,1,2011,1,12,,,,,,2011-01-12
991070,국제회의기획업,1,2011,5,12,,,,,,2011-05-12
991071,국제회의기획업,1,2012,8,9,,,,,,2012-08-09
991072,국제회의기획업,1,2013,2,7,,,,,,2013-02-07
991073,국제회의기획업,1,2015,2,4,,,,,,2015-02-04
991074,국제회의기획업,1,2021,10,27,,,,,,2021-10-27
991075,국제회의기획업,0,2011,6,7,2019,11,27,8,2019-11-27,2011-06-07
991076,국제회의기획업,1,2021,12,13,,,,,,2021-12-13
991077,국제회의기획업,1,2017,3,10,,,,,,2017-03-10
991078,국제회의기획업,1,2016,7,21,,,,,,2016-07-21
991079,국제회의기획업,1,2011,5,23,,,,,,2011-05-23
991080,국제회의기획업,1,2022,7,12,,,,,,2022-07-12
991081,국제회의기획업,1,2022,9,30,,,,,,2022-09-30
991082,국제회의기획업,1,2021,4,19,,,,,,2021-04-19
991083,국제회의기획업,1,2021,3,17,,,,,,2021-03-17
991084,국제회의기획업,1,2021,3,16,,,,,,2021-03-16
991085,국제회의기획업,1,2008,3,25,,,,,,2008-03-25
991086,국제회의기획업,1,2009,3,18,,,,,,2009-03-18
991087,국제회의기획업,1,2011,4,20,,,,,,2011-04-20
991088,국제회의기획업,1,2021,12,8,,,,,,2021-12-08
991089,국제회의기획업,1,2021,10,14,,,,,,2021-10-14
991090,국제회의기획업,1,2022,2,7,,,,,,2022-02-07
991091,국제회의기획업,1,2019,3,14,,,,,,2019-03-14
991092,국제회의기획업,1,2022,5,25,,,,,,2022-05-25
991093,국제회의기획업,1,2020,8,25,,,,,,2020-08-25
991094,국제회의기획업,0,1999,11,11,2001,12,31,2,2001-12-31,1999-11-11
991095,국제회의기획업,0,2014,5,22,2022,8,5,8,2022-08-05,2014-05-22
991096,국제회의기획업,0,2007,5,23,2017,9,6,10,2017-09-06,2007-05-23
991097,국제회의기획업,0,2008,9,2,2017,11,24,9,2017-11-24,2008-09-02
991098,국제회의기획업,0,2009,5,22,,,,,,2009-05-22
991099,국제회의기획업,0,2009,5,22,2017,11,10,8,2017-11-10,2009-05-22
991100,국제회의기획업,0,2010,3,5,2017,11,16,7,2017-11-16,2010-03-05
991101,국제회의기획업,0,2010,6,9,2017,9,29,7,2017-09-29,2010-06-09
991102,국제회의기획업,0,2010,10,8,2017,11,20,7,2017-11-20,2010-10-08
991103,국제회의기획업,0,2011,9,5,2017,11,10,6,2017-11-10,2011-09-05
991104,국제회의기획업,0,2011,9,14,2017,10,24,6,2017-10-24,2011-09-14
991105,국제회의기획업,0,2011,10,24,2018,1,8,7,2018-01-08,2011-10-24
991106,국제회의기획업,0,2012,8,22,2022,2,4,10,2022-02-04,2012-08-22
991107,국제회의기획업,0,2015,9,21,2017,11,28,2,2017-11-28,2015-09-21
991108,국제회의기획업,0,2016,3,23,2021,1,7,5,2021-01-07,2016-03-23
991109,국제회의기획업,0,2017,7,13,2021,1,6,4,2021-01-06,2017-07-13
991110,국제회의기획업,0,2011,9,19,2017,11,21,6,2017-11-21,2011-09-19
991111,국제회의기획업,1,2019,4,10,,,,,,2019-04-10
991112,국제회의기획업,1,2018,4,23,,,,,,2018-04-23
991113,국제회의기획업,0,2003,5,26,2017,11,1,14,2017-11-01,2003-05-26
991114,국제회의기획업,1,2019,9,18,,,,,,2019-09-18
991115,국제회의기획업,1,2019,12,20,,,,,,2019-12-20
991116,국제회의기획업,1,2022,2,21,,,,,,2022-02-21
991117,국제회의기획업,1,2006,4,24,,,,,,2006-04-24
991118,국제회의기획업,1,2009,7,10,,,,,,2009-07-10
991119,국제회의기획업,1,2008,3,18,,,,,,2008-03-18
991120,국제회의기획업,1,2011,5,6,,,,,,2011-05-06
991121,국제회의기획업,1,2011,11,1,,,,,,2011-11-01
991122,국제회의기획업,1,2011,11,25,,,,,,2011-11-25
991123,국제회의기획업,1,2012,5,8,,,,,,2012-05-08
991124,국제회의기획업,1,2012,8,22,,,,,,2012-08-22
991125,국제회의기획업,1,2012,10,17,,,,,,2012-10-17
991126,국제회의기획업,1,2002,7,5,,,,,,2002-07-05
991127,국제회의기획업,1,2014,8,7,,,,,,2014-08-07
991128,국제회의기획업,1,2014,9,24,,,,,,2014-09-24
991129,국제회의기획업,1,2014,11,18,,,,,,2014-11-18
991130,국제회의기획업,1,2016,5,31,,,,,,2016-05-31
991131,국제회의기획업,1,2018,5,2,,,,,,2018-05-02
991132,국제회의기획업,1,2017,3,2,,,,,,2017-03-02
991133,국제회의기획업,1,2017,8,25,,,,,,2017-08-25
991134,국제회의기획업,1,2011,10,4,,,,,,2011-10-04
991135,국제회의기획업,1,2011,10,6,,,,,,2011-10-06
991136,국제회의기획업,1,2020,2,21,,,,,,2020-02-21
991137,국제회의기획업,1,2020,2,10,,,,,,2020-02-10
991138,국제회의기획업,1,2020,4,9,,,,,,2020-04-09
991139,국제회의기획업,1,2021,12,9,,,,,,2021-12-09
991140,국제회의기획업,1,2020,7,28,,,,,,2020-07-28
991141,국제회의기획업,1,2021,7,5,,,,,,2021-07-05
991142,국제회의기획업,1,2021,8,30,,,,,,2021-08-30
991143,국제회의기획업,1,2021,5,15,,,,,,2021-05-15
991144,국제회의기획업,1,2021,5,28,,,,,,2021-05-28
991145,국제회의기획업,1,2020,11,18,,,,,,2020-11-18
991146,국제회의기획업,1,2021,3,4,,,,,,2021-03-04
991147,국제회의기획업,1,2021,2,25,,,,,,2021-02-25
991148,국제회의기획업,1,2021,2,24,,,,,,2021-02-24
991149,국제회의기획업,1,2021,3,18,,,,,,2021-03-18
991150,국제회의기획업,1,2018,10,28,,,,,,2018-10-28
991151,국제회의기획업,1,2022,7,27,,,,,,2022-07-27
991152,국제회의기획업,1,2018,11,22,,,,,,2018-11-22
991153,국제회의기획업,1,2022,5,19,,,,,,2022-05-19
991154,국제회의기획업,1,2006,11,10,,,,,,2006-11-10
