,개방서비스명,영업상태(0=폐업),open_year,open_month,open_day,close_year,close_month,close_day,존속년도,폐업시기,개업시기
8609350,급수공사대행업,1,2012,6,26,,,,,,2012-06-26
8609351,급수공사대행업,1,2012,6,8,,,,,,2012-06-08
8609352,급수공사대행업,1,2008,11,3,,,,,,2008-11-03
8609353,급수공사대행업,1,2004,10,5,,,,,,2004-10-05
8609354,급수공사대행업,1,2004,10,5,,,,,,2004-10-05
8609355,급수공사대행업,1,2010,8,11,,,,,,2010-08-11
8609356,급수공사대행업,1,2012,6,8,,,,,,2012-06-08
8609357,급수공사대행업,1,2008,7,24,,,,,,2008-07-24
8609358,급수공사대행업,1,2008,7,24,,,,,,2008-07-24
8609359,급수공사대행업,1,2010,7,29,,,,,,2010-07-29
8609360,급수공사대행업,1,2008,7,24,,,,,,2008-07-24
8609361,급수공사대행업,1,2006,5,29,,,,,,2006-05-29
8609362,급수공사대행업,1,2008,5,15,,,,,,2008-05-15
8609363,급수공사대행업,1,2004,7,31,,,,,,2004-07-31
8609364,급수공사대행업,1,2009,11,19,,,,,,2009-11-19
8609365,급수공사대행업,1,2010,9,2,,,,,,2010-09-02
8609366,급수공사대행업,1,2008,8,28,,,,,,2008-08-28
8609367,급수공사대행업,1,2010,4,13,,,,,,2010-04-13
8609368,급수공사대행업,1,2010,1,12,,,,,,2010-01-12
8609369,급수공사대행업,1,2010,7,1,,,,,,2010-07-01
8609370,급수공사대행업,1,2010,7,5,,,,,,2010-07-05
8609371,급수공사대행업,1,2008,7,16,,,,,,2008-07-16
8609372,급수공사대행업,1,2010,7,8,,,,,,2010-07-08
8609373,급수공사대행업,1,2008,7,16,,,,,,2008-07-16
8609374,급수공사대행업,1,2008,7,16,,,,,,2008-07-16
8609375,급수공사대행업,1,2013,1,23,,,,,,2013-01-23
8609376,급수공사대행업,1,2013,6,18,,,,,,2013-06-18
8609377,급수공사대행업,1,2013,6,18,,,,,,2013-06-18
8609378,급수공사대행업,1,2005,9,5,,,,,,2005-09-05
8609379,급수공사대행업,1,2013,1,23,,,,,,2013-01-23
8609380,급수공사대행업,1,2014,3,28,,,,,,2014-03-28
8609381,급수공사대행업,1,2003,7,23,,,,,,2003-07-23
8609382,급수공사대행업,1,2013,6,13,,,,,,2013-06-13
8609383,급수공사대행업,1,2013,9,10,,,,,,2013-09-10
8609384,급수공사대행업,1,2013,7,1,,,,,,2013-07-01
8609385,급수공사대행업,1,2008,7,11,,,,,,2008-07-11
8609386,급수공사대행업,1,2011,5,17,,,,,,2011-05-17
8609387,급수공사대행업,1,2010,9,9,,,,,,2010-09-09
8609388,급수공사대행업,1,2009,11,18,,,,,,2009-11-18
8609389,급수공사대행업,1,2019,3,1,,,,,,2019-03-01
8609390,급수공사대행업,1,2019,3,1,,,,,,2019-03-01
8609391,급수공사대행업,1,2021,3,1,,,,,,2021-03-01
8609392,급수공사대행업,1,2021,3,1,,,,,,2021-03-01
8609393,급수공사대행업,1,2021,3,1,,,,,,2021-03-01
8609394,급수공사대행업,1,2021,3,1,,,,,,2021-03-01
8609395,급수공사대행업,1,2021,3,1,,,,,,2021-03-01
8609396,급수공사대행업,1,2021,3,1,,,,,,2021-03-01
8609397,급수공사대행업,1,2021,3,1,,,,,,2021-03-01
8609398,급수공사대행업,1,2008,4,10,,,,,,2008-04-10
8609399,급수공사대행업,1,2007,2,6,,,,,,2007-02-06
8609400,급수공사대행업,1,2019,3,1,,,,,,2019-03-01
8609401,급수공사대행업,1,2019,3,1,,,,,,2019-03-01
8609402,급수공사대행업,1,2019,3,1,,,,,,2019-03-01
8609403,급수공사대행업,1,2019,3,1,,,,,,2019-03-01
8609404,급수공사대행업,1,2019,3,1,,,,,,2019-03-01
8609405,급수공사대행업,1,2019,4,12,,,,,,2019-04-12
8609406,급수공사대행업,1,2019,4,12,,,,,,2019-04-12
8609407,급수공사대행업,1,2019,4,12,,,,,,2019-04-12
8609408,급수공사대행업,1,2019,4,12,,,,,,2019-04-12
8609409,급수공사대행업,1,2012,12,28,,,,,,2012-12-28
8609410,급수공사대행업,1,2012,12,28,,,,,,2012-12-28
8609411,급수공사대행업,1,2007,5,16,,,,,,2007-05-16
8609412,급수공사대행업,1,2009,7,9,,,,,,2009-07-09
8609413,급수공사대행업,1,2009,10,14,,,,,,2009-10-14
8609414,급수공사대행업,1,2004,12,29,,,,,,2004-12-29
8609415,급수공사대행업,1,2003,2,3,,,,,,2003-02-03
8609416,급수공사대행업,1,2004,2,3,,,,,,2004-02-03
8609417,급수공사대행업,1,2021,2,23,,,,,,2021-02-23
8609418,급수공사대행업,1,2021,2,25,,,,,,2021-02-25
8609419,급수공사대행업,1,2021,3,2,,,,,,2021-03-02
8609420,급수공사대행업,1,2002,10,7,,,,,,2002-10-07
8609421,급수공사대행업,1,2004,8,18,,,,,,2004-08-18
8609422,급수공사대행업,1,2003,10,7,,,,,,2003-10-07
8609423,급수공사대행업,1,2003,10,7,,,,,,2003-10-07
8609424,급수공사대행업,1,2002,9,2,,,,,,2002-09-02
8609425,급수공사대행업,1,2011,5,30,,,,,,2011-05-30
8609426,급수공사대행업,1,2011,2,19,,,,,,2011-02-19
8609427,급수공사대행업,1,2011,3,19,,,,,,2011-03-19
8609428,급수공사대행업,1,2011,2,16,,,,,,2011-02-16
8609429,급수공사대행업,1,2011,2,16,,,,,,2011-02-16
8609430,급수공사대행업,1,2016,9,9,,,,,,2016-09-09
8609431,급수공사대행업,1,2011,5,20,,,,,,2011-05-20
8609432,급수공사대행업,1,2019,1,21,,,,,,2019-01-21
8609433,급수공사대행업,1,2022,1,21,,,,,,2022-01-21
8609434,급수공사대행업,1,2022,1,21,,,,,,2022-01-21
8609435,급수공사대행업,1,2022,1,21,,,,,,2022-01-21
8609436,급수공사대행업,1,2022,1,21,,,,,,2022-01-21
8609437,급수공사대행업,1,2022,1,21,,,,,,2022-01-21
8609438,급수공사대행업,1,2016,1,22,,,,,,2016-01-22
8609439,급수공사대행업,1,2022,1,21,,,,,,2022-01-21
8609440,급수공사대행업,1,2022,1,21,,,,,,2022-01-21
8609441,급수공사대행업,1,2022,1,21,,,,,,2022-01-21
8609442,급수공사대행업,1,2022,1,21,,,,,,2022-01-21
8609443,급수공사대행업,1,2016,1,22,,,,,,2016-01-22
8609444,급수공사대행업,1,2016,1,22,,,,,,2016-01-22
8609445,급수공사대행업,1,2016,1,22,,,,,,2016-01-22
8609446,급수공사대행업,1,2015,12,29,,,,,,2015-12-29
8609447,급수공사대행업,1,2015,12,29,,,,,,2015-12-29
8609448,급수공사대행업,1,2017,11,24,,,,,,2017-11-24
8609449,급수공사대행업,1,2013,1,15,,,,,,2013-01-15
8609450,급수공사대행업,1,2009,2,11,,,,,,2009-02-11
8609451,급수공사대행업,1,2013,1,15,,,,,,2013-01-15
8609452,급수공사대행업,1,2009,2,11,,,,,,2009-02-11
8609453,급수공사대행업,1,2013,1,15,,,,,,2013-01-15
8609454,급수공사대행업,1,2013,1,15,,,,,,2013-01-15
8609455,급수공사대행업,1,2013,1,15,,,,,,2013-01-15
8609456,급수공사대행업,1,2019,1,29,,,,,,2019-01-29
8609457,급수공사대행업,1,2019,1,29,,,,,,2019-01-29
8609458,급수공사대행업,1,2019,1,21,,,,,,2019-01-21
8609459,급수공사대행업,1,2019,1,21,,,,,,2019-01-21
8609460,급수공사대행업,1,2019,1,29,,,,,,2019-01-29
8609461,급수공사대행업,1,2019,1,29,,,,,,2019-01-29
8609462,급수공사대행업,1,2019,1,21,,,,,,2019-01-21
8609463,급수공사대행업,1,2022,1,21,,,,,,2022-01-21
8609464,급수공사대행업,1,2019,3,8,,,,,,2019-03-08
8609465,급수공사대행업,1,2019,2,26,,,,,,2019-02-26
8609466,급수공사대행업,1,2019,4,8,,,,,,2019-04-08
8609467,급수공사대행업,1,2019,5,10,,,,,,2019-05-10
8609468,급수공사대행업,1,2007,6,7,,,,,,2007-06-07
8609469,급수공사대행업,1,2007,5,31,,,,,,2007-05-31
8609470,급수공사대행업,1,2016,11,11,,,,,,2016-11-11
8609471,급수공사대행업,1,2016,11,19,,,,,,2016-11-19
8609472,급수공사대행업,1,2018,7,13,,,,,,2018-07-13
8609473,급수공사대행업,1,2017,7,24,,,,,,2017-07-24
8609474,급수공사대행업,1,2017,7,31,,,,,,2017-07-31
8609475,급수공사대행업,1,2017,9,1,,,,,,2017-09-01
8609476,급수공사대행업,1,2017,9,11,,,,,,2017-09-11
8609477,급수공사대행업,1,2017,10,11,,,,,,2017-10-11
8609478,급수공사대행업,1,2017,10,17,,,,,,2017-10-17
8609479,급수공사대행업,1,2018,1,25,,,,,,2018-01-25
8609480,급수공사대행업,1,2018,1,29,,,,,,2018-01-29
8609481,급수공사대행업,1,2018,2,6,,,,,,2018-02-06
8609482,급수공사대행업,1,2018,2,12,,,,,,2018-02-12
8609483,급수공사대행업,1,2018,2,27,,,,,,2018-02-27
8609484,급수공사대행업,1,2018,3,29,,,,,,2018-03-29
8609485,급수공사대행업,1,2018,3,29,,,,,,2018-03-29
8609486,급수공사대행업,1,2018,6,25,,,,,,2018-06-25
8609487,급수공사대행업,1,2018,6,25,,,,,,2018-06-25
8609488,급수공사대행업,1,2018,7,3,,,,,,2018-07-03
8609489,급수공사대행업,1,2020,7,17,,,,,,2020-07-17
8609490,급수공사대행업,1,2020,7,17,,,,,,2020-07-17
8609491,급수공사대행업,1,2020,7,17,,,,,,2020-07-17
8609492,급수공사대행업,1,2022,12,5,,,,,,2022-12-05
8609493,급수공사대행업,1,2022,12,6,,,,,,2022-12-06
8609494,급수공사대행업,1,2022,12,26,,,,,,2022-12-26
8609495,급수공사대행업,1,2021,7,1,,,,,,2021-07-01
8609496,급수공사대행업,1,2021,6,24,,,,,,2021-06-24
8609497,급수공사대행업,1,2021,6,22,,,,,,2021-06-22
8609498,급수공사대행업,1,2016,2,1,,,,,,2016-02-01
8609499,급수공사대행업,1,2016,7,11,,,,,,2016-07-11
8609500,급수공사대행업,1,2016,7,11,,,,,,2016-07-11
8609501,급수공사대행업,1,2016,7,14,,,,,,2016-07-14
8609502,급수공사대행업,1,2016,7,5,,,,,,2016-07-05
8609503,급수공사대행업,1,2016,2,26,,,,,,2016-02-26
8609504,급수공사대행업,1,2016,9,30,,,,,,2016-09-30
8609505,급수공사대행업,1,2020,3,19,,,,,,2020-03-19
8609506,급수공사대행업,1,2020,6,15,,,,,,2020-06-15
8609507,급수공사대행업,1,2020,5,19,,,,,,2020-05-19
8609508,급수공사대행업,1,2020,6,1,,,,,,2020-06-01
8609509,급수공사대행업,1,2020,5,25,,,,,,2020-05-25
8609510,급수공사대행업,1,2021,10,12,,,,,,2021-10-12
8609511,급수공사대행업,1,2021,7,13,,,,,,2021-07-13
8609512,급수공사대행업,1,2021,9,21,,,,,,2021-09-21
8609513,급수공사대행업,1,2019,9,26,,,,,,2019-09-26
8609514,급수공사대행업,1,2019,8,9,,,,,,2019-08-09
8609515,급수공사대행업,1,2019,12,9,,,,,,2019-12-09
8609516,급수공사대행업,1,2019,11,14,,,,,,2019-11-14
8609517,급수공사대행업,1,2019,11,14,,,,,,2019-11-14
8609518,급수공사대행업,1,2019,11,14,,,,,,2019-11-14
8609519,급수공사대행업,1,2019,12,12,,,,,,2019-12-12
8609520,급수공사대행업,1,2019,12,23,,,,,,2019-12-23
8609521,급수공사대행업,1,2021,2,5,,,,,,2021-02-05
8609522,급수공사대행업,1,2021,2,5,,,,,,2021-02-05
8609523,급수공사대행업,1,2021,1,28,,,,,,2021-01-28
8609524,급수공사대행업,1,2021,1,28,,,,,,2021-01-28
8609525,급수공사대행업,1,2021,1,22,,,,,,2021-01-22
8609526,급수공사대행업,1,2022,6,9,,,,,,2022-06-09
8609527,급수공사대행업,1,2022,6,7,,,,,,2022-06-07
8609528,급수공사대행업,1,2022,6,24,,,,,,2022-06-24
8609529,급수공사대행업,0,2020,7,30,,,,,,2020-07-30
8609530,급수공사대행업,1,2010,10,12,,,,,,2010-10-12
8609531,급수공사대행업,1,2018,10,31,,,,,,2018-10-31
8609532,급수공사대행업,1,2018,9,21,,,,,,2018-09-21
8609533,급수공사대행업,1,2020,8,31,,,,,,2020-08-31
8609534,급수공사대행업,1,2020,9,11,,,,,,2020-09-11
8609535,급수공사대행업,1,2020,9,7,,,,,,2020-09-07
8609536,급수공사대행업,1,2020,9,24,,,,,,2020-09-24
8609537,급수공사대행업,1,2020,9,24,,,,,,2020-09-24
8609538,급수공사대행업,1,2020,10,17,,,,,,2020-10-17
8609539,급수공사대행업,1,2020,10,12,,,,,,2020-10-12
8609540,급수공사대행업,1,2022,11,2,,,,,,2022-11-02
8609541,급수공사대행업,1,2022,11,7,,,,,,2022-11-07
8609542,급수공사대행업,1,2022,11,8,,,,,,2022-11-08
8609543,급수공사대행업,1,2022,10,26,,,,,,2022-10-26
8609544,급수공사대행업,1,2021,2,25,,,,,,2021-02-25
8609545,급수공사대행업,1,2016,11,11,,,,,,2016-11-11
8609546,급수공사대행업,1,2016,11,11,,,,,,2016-11-11
8609547,급수공사대행업,1,2016,11,11,,,,,,2016-11-11
8609548,급수공사대행업,1,2016,12,12,,,,,,2016-12-12
8609549,급수공사대행업,1,2016,12,19,,,,,,2016-12-19
8609550,급수공사대행업,1,2017,1,1,,,,,,2017-01-01
8609551,급수공사대행업,1,2012,10,10,,,,,,2012-10-10
8609552,급수공사대행업,1,2012,2,9,,,,,,2012-02-09
8609553,급수공사대행업,1,2016,1,28,,,,,,2016-01-28
8609554,급수공사대행업,1,2016,1,25,,,,,,2016-01-25
8609555,급수공사대행업,1,2017,3,24,,,,,,2017-03-24
8609556,급수공사대행업,1,2017,3,9,,,,,,2017-03-09
8609557,급수공사대행업,1,2017,5,20,,,,,,2017-05-20
8609558,급수공사대행업,1,2017,6,2,,,,,,2017-06-02
8609559,급수공사대행업,1,2017,5,26,,,,,,2017-05-26
8609560,급수공사대행업,1,2017,7,19,,,,,,2017-07-19
8609561,급수공사대행업,1,2017,2,20,,,,,,2017-02-20
8609562,급수공사대행업,1,2016,2,10,,,,,,2016-02-10
8609563,급수공사대행업,1,1982,7,19,,,,,,1982-07-19
8609564,급수공사대행업,1,1977,12,27,,,,,,1977-12-27
8609565,급수공사대행업,1,1977,12,27,,,,,,1977-12-27
8609566,급수공사대행업,1,2008,7,2,,,,,,2008-07-02
8609567,급수공사대행업,1,2008,7,2,,,,,,2008-07-02
8609568,급수공사대행업,1,2012,7,13,,,,,,2012-07-13
8609569,급수공사대행업,1,2016,11,11,,,,,,2016-11-11
8609570,급수공사대행업,1,2000,8,22,,,,,,2000-08-22
8609571,급수공사대행업,1,2004,2,9,,,,,,2004-02-09
8609572,급수공사대행업,1,2015,4,9,,,,,,2015-04-09
8609573,급수공사대행업,1,2004,4,12,,,,,,2004-04-12
8609574,급수공사대행업,1,2009,2,18,,,,,,2009-02-18
8609575,급수공사대행업,1,2005,6,28,,,,,,2005-06-28
8609576,급수공사대행업,1,2005,9,8,,,,,,2005-09-08
8609577,급수공사대행업,1,2008,3,19,,,,,,2008-03-19
8609578,급수공사대행업,1,2008,3,19,,,,,,2008-03-19
8609579,급수공사대행업,1,2008,3,7,,,,,,2008-03-07
8609580,급수공사대행업,1,2008,3,7,,,,,,2008-03-07
8609581,급수공사대행업,1,2008,3,7,,,,,,2008-03-07
8609582,급수공사대행업,1,2006,7,20,,,,,,2006-07-20
8609583,급수공사대행업,1,2006,9,22,,,,,,2006-09-22
8609584,급수공사대행업,1,2015,5,15,,,,,,2015-05-15
8609585,급수공사대행업,1,2015,6,29,,,,,,2015-06-29
8609586,급수공사대행업,1,2015,8,7,,,,,,2015-08-07
8609587,급수공사대행업,1,2015,11,23,,,,,,2015-11-23
8609588,급수공사대행업,1,1994,12,9,,,,,,1994-12-09
8609589,급수공사대행업,1,1993,3,17,,,,,,1993-03-17
8609590,급수공사대행업,1,2011,3,9,,,,,,2011-03-09
8609591,급수공사대행업,1,1994,7,8,,,,,,1994-07-08
8609592,급수공사대행업,1,1994,7,8,,,,,,1994-07-08
8609593,급수공사대행업,1,2000,2,28,,,,,,2000-02-28
8609594,급수공사대행업,1,2000,3,8,,,,,,2000-03-08
8609595,급수공사대행업,1,2000,3,10,,,,,,2000-03-10
8609596,급수공사대행업,1,2002,7,2,,,,,,2002-07-02
8609597,급수공사대행업,1,2002,12,20,,,,,,2002-12-20
8609598,급수공사대행업,1,2014,4,8,,,,,,2014-04-08
8609599,급수공사대행업,1,2014,4,29,,,,,,2014-04-29
8609600,급수공사대행업,1,2014,10,15,,,,,,2014-10-15
8609601,급수공사대행업,1,2014,11,6,,,,,,2014-11-06
8609602,급수공사대행업,1,2015,2,23,,,,,,2015-02-23
8609603,급수공사대행업,1,2006,10,12,,,,,,2006-10-12
8609604,급수공사대행업,1,2006,12,6,,,,,,2006-12-06
8609605,급수공사대행업,1,2009,8,13,,,,,,2009-08-13
8609606,급수공사대행업,1,2010,9,30,,,,,,2010-09-30
8609607,급수공사대행업,1,2010,9,30,,,,,,2010-09-30
8609608,급수공사대행업,1,2014,3,5,,,,,,2014-03-05
8609609,급수공사대행업,1,2010,3,9,,,,,,2010-03-09
8609610,급수공사대행업,1,2014,3,3,,,,,,2014-03-03
8609611,급수공사대행업,1,2014,3,5,,,,,,2014-03-05
8609612,급수공사대행업,1,2010,10,29,,,,,,2010-10-29
8609613,급수공사대행업,1,2015,3,11,,,,,,2015-03-11
8609614,급수공사대행업,1,2015,3,11,,,,,,2015-03-11
8609615,급수공사대행업,1,2010,9,30,,,,,,2010-09-30
8609616,급수공사대행업,1,2016,5,1,,,,,,2016-05-01
8609617,급수공사대행업,1,2016,10,14,,,,,,2016-10-14
8609618,급수공사대행업,1,2016,11,23,,,,,,2016-11-23
8609619,급수공사대행업,1,2017,2,16,,,,,,2017-02-16
8609620,급수공사대행업,1,2017,7,7,,,,,,2017-07-07
8609621,급수공사대행업,1,2017,11,14,,,,,,2017-11-14
8609622,급수공사대행업,1,2017,12,8,,,,,,2017-12-08
8609623,급수공사대행업,1,2018,3,27,,,,,,2018-03-27
8609624,급수공사대행업,1,2018,4,11,,,,,,2018-04-11
8609625,급수공사대행업,1,2013,7,4,,,,,,2013-07-04
8609626,급수공사대행업,1,2013,11,21,,,,,,2013-11-21
8609627,급수공사대행업,1,2013,11,21,,,,,,2013-11-21
8609628,급수공사대행업,1,2014,5,28,,,,,,2014-05-28
8609629,급수공사대행업,1,2014,5,28,,,,,,2014-05-28
8609630,급수공사대행업,1,2014,7,10,,,,,,2014-07-10
8609631,급수공사대행업,1,2014,7,31,,,,,,2014-07-31
8609632,급수공사대행업,1,2018,5,4,,,,,,2018-05-04
8609633,급수공사대행업,1,2015,7,9,,,,,,2015-07-09
8609634,급수공사대행업,1,2018,11,14,,,,,,2018-11-14
8609635,급수공사대행업,0,2017,3,7,,,,,,2017-03-07
8609636,급수공사대행업,1,2010,10,12,,,,,,2010-10-12
8609637,급수공사대행업,1,2009,3,11,,,,,,2009-03-11
8609638,급수공사대행업,1,2015,10,12,,,,,,2015-10-12
8609639,급수공사대행업,1,2015,10,23,,,,,,2015-10-23
8609640,급수공사대행업,1,2015,11,3,,,,,,2015-11-03
8609641,급수공사대행업,1,2016,3,8,,,,,,2016-03-08
8609642,급수공사대행업,1,2016,4,5,,,,,,2016-04-05
8609643,급수공사대행업,1,2016,5,1,,,,,,2016-05-01
8609644,급수공사대행업,1,2012,3,29,,,,,,2012-03-29
8609645,급수공사대행업,1,2012,3,29,,,,,,2012-03-29
8609646,급수공사대행업,1,2004,7,20,,,,,,2004-07-20
8609647,급수공사대행업,1,2016,3,15,,,,,,2016-03-15
8609648,급수공사대행업,1,2016,1,13,,,,,,2016-01-13
8609649,급수공사대행업,1,2015,1,6,,,,,,2015-01-06
8609650,급수공사대행업,1,2002,2,8,,,,,,2002-02-08
8609651,급수공사대행업,1,2002,3,9,,,,,,2002-03-09
8609652,급수공사대행업,1,2005,7,28,,,,,,2005-07-28
8609653,급수공사대행업,1,2006,11,27,,,,,,2006-11-27
8609654,급수공사대행업,1,2006,11,27,,,,,,2006-11-27
8609655,급수공사대행업,1,2008,7,15,,,,,,2008-07-15
8609656,급수공사대행업,1,2009,3,11,,,,,,2009-03-11
8609657,급수공사대행업,1,2009,4,1,,,,,,2009-04-01
8609658,급수공사대행업,1,2009,2,13,,,,,,2009-02-13
8609659,급수공사대행업,1,2006,7,6,,,,,,2006-07-06
8609660,급수공사대행업,1,2018,12,28,,,,,,2018-12-28
8609661,급수공사대행업,1,2022,6,14,,,,,,2022-06-14
8609662,급수공사대행업,1,2022,6,21,,,,,,2022-06-21
8609663,급수공사대행업,1,2022,6,21,,,,,,2022-06-21
8609664,급수공사대행업,1,2022,8,22,,,,,,2022-08-22
8609665,급수공사대행업,1,2022,6,30,,,,,,2022-06-30
8609666,급수공사대행업,1,2014,12,5,,,,,,2014-12-05
8609667,급수공사대행업,1,2015,3,17,,,,,,2015-03-17
8609668,급수공사대행업,1,2014,12,5,,,,,,2014-12-05
8609669,급수공사대행업,1,2011,9,7,,,,,,2011-09-07
8609670,급수공사대행업,1,2014,1,17,,,,,,2014-01-17
8609671,급수공사대행업,1,2011,9,30,,,,,,2011-09-30
8609672,급수공사대행업,1,2005,8,30,,,,,,2005-08-30
8609673,급수공사대행업,1,2005,10,13,,,,,,2005-10-13
8609674,급수공사대행업,1,2011,10,17,,,,,,2011-10-17
8609675,급수공사대행업,1,2011,3,10,,,,,,2011-03-10
8609676,급수공사대행업,1,2021,3,23,,,,,,2021-03-23
8609677,급수공사대행업,1,2017,10,13,,,,,,2017-10-13
8609678,급수공사대행업,1,2017,12,15,,,,,,2017-12-15
8609679,급수공사대행업,1,2018,1,11,,,,,,2018-01-11
8609680,급수공사대행업,1,2018,2,27,,,,,,2018-02-27
8609681,급수공사대행업,1,2018,5,29,,,,,,2018-05-29
8609682,급수공사대행업,1,2018,5,29,,,,,,2018-05-29
8609683,급수공사대행업,1,2009,4,9,,,,,,2009-04-09
8609684,급수공사대행업,1,2001,10,4,,,,,,2001-10-04
8609685,급수공사대행업,1,2002,12,13,,,,,,2002-12-13
8609686,급수공사대행업,1,2010,11,5,,,,,,2010-11-05
8609687,급수공사대행업,1,2005,5,27,,,,,,2005-05-27
8609688,급수공사대행업,1,2003,5,1,,,,,,2003-05-01
8609689,급수공사대행업,1,2020,8,25,,,,,,2020-08-25
8609690,급수공사대행업,1,2021,5,10,,,,,,2021-05-10
8609691,급수공사대행업,1,2015,4,8,,,,,,2015-04-08
8609692,급수공사대행업,1,2015,8,21,,,,,,2015-08-21
8609693,급수공사대행업,1,2015,9,25,,,,,,2015-09-25
8609694,급수공사대행업,1,2015,10,2,,,,,,2015-10-02
8609695,급수공사대행업,1,2015,12,3,,,,,,2015-12-03
8609696,급수공사대행업,1,2016,8,26,,,,,,2016-08-26
8609697,급수공사대행업,1,2016,12,22,,,,,,2016-12-22
8609698,급수공사대행업,1,2017,3,16,,,,,,2017-03-16
8609699,급수공사대행업,1,2017,8,18,,,,,,2017-08-18
8609700,급수공사대행업,1,2017,9,22,,,,,,2017-09-22
8609701,급수공사대행업,1,2016,2,24,,,,,,2016-02-24
8609702,급수공사대행업,1,2016,5,13,,,,,,2016-05-13
8609703,급수공사대행업,1,2018,8,25,,,,,,2018-08-25
8609704,급수공사대행업,1,2021,12,27,,,,,,2021-12-27
8609705,급수공사대행업,1,2020,6,2,,,,,,2020-06-02
8609706,급수공사대행업,1,2020,5,29,,,,,,2020-05-29
8609707,급수공사대행업,1,2020,5,29,,,,,,2020-05-29
8609708,급수공사대행업,1,2021,10,8,,,,,,2021-10-08
8609709,급수공사대행업,1,2021,10,8,,,,,,2021-10-08
8609710,급수공사대행업,1,2019,9,25,,,,,,2019-09-25
8609711,급수공사대행업,1,2019,10,8,,,,,,2019-10-08
8609712,급수공사대행업,1,2019,10,8,,,,,,2019-10-08
8609713,급수공사대행업,1,2019,10,8,,,,,,2019-10-08
8609714,급수공사대행업,1,2022,2,10,,,,,,2022-02-10
8609715,급수공사대행업,1,2020,2,21,,,,,,2020-02-21
8609716,급수공사대행업,1,2020,1,7,,,,,,2020-01-07
8609717,급수공사대행업,1,2019,3,19,,,,,,2019-03-19
8609718,급수공사대행업,1,2016,1,11,,,,,,2016-01-11
8609719,급수공사대행업,1,2020,3,11,,,,,,2020-03-11
8609720,급수공사대행업,1,2020,3,18,,,,,,2020-03-18
8609721,급수공사대행업,1,2020,3,18,,,,,,2020-03-18
8609722,급수공사대행업,1,2020,3,18,,,,,,2020-03-18
8609723,급수공사대행업,1,2020,3,20,,,,,,2020-03-20
8609724,급수공사대행업,1,2020,7,27,,,,,,2020-07-27
8609725,급수공사대행업,1,2018,7,27,,,,,,2018-07-27
8609726,급수공사대행업,1,2019,5,20,,,,,,2019-05-20
8609727,급수공사대행업,1,2022,5,17,,,,,,2022-05-17
8609728,급수공사대행업,1,2022,5,17,,,,,,2022-05-17
8609729,급수공사대행업,1,2022,5,17,,,,,,2022-05-17
8609730,급수공사대행업,1,2022,5,17,,,,,,2022-05-17
8609731,급수공사대행업,1,2022,5,17,,,,,,2022-05-17
8609732,급수공사대행업,1,2022,5,17,,,,,,2022-05-17
8609733,급수공사대행업,1,2022,7,20,,,,,,2022-07-20
8609734,급수공사대행업,1,2022,7,20,,,,,,2022-07-20
8609735,급수공사대행업,1,2018,4,12,,,,,,2018-04-12
8609736,급수공사대행업,1,2018,4,13,,,,,,2018-04-13
8609737,급수공사대행업,1,2018,4,13,,,,,,2018-04-13
8609738,급수공사대행업,1,2016,9,13,,,,,,2016-09-13
8609739,급수공사대행업,1,2018,7,12,,,,,,2018-07-12
8609740,급수공사대행업,1,2018,4,11,,,,,,2018-04-11
8609741,급수공사대행업,1,2018,4,11,,,,,,2018-04-11
8609742,급수공사대행업,1,2011,1,7,,,,,,2011-01-07
8609743,급수공사대행업,1,2011,5,5,,,,,,2011-05-05
8609744,급수공사대행업,1,2013,10,15,,,,,,2013-10-15
8609745,급수공사대행업,1,2014,3,18,,,,,,2014-03-18
8609746,급수공사대행업,1,2013,10,15,,,,,,2013-10-15
8609747,급수공사대행업,1,2011,7,14,,,,,,2011-07-14
8609748,급수공사대행업,1,2012,1,26,,,,,,2012-01-26
8609749,급수공사대행업,1,2014,7,15,,,,,,2014-07-15
8609750,급수공사대행업,1,2010,5,27,,,,,,2010-05-27
8609751,급수공사대행업,1,2013,10,15,,,,,,2013-10-15
8609752,급수공사대행업,1,2007,10,18,,,,,,2007-10-18
8609753,급수공사대행업,1,2008,11,10,,,,,,2008-11-10
8609754,급수공사대행업,1,2016,2,23,,,,,,2016-02-23
8609755,급수공사대행업,1,2016,2,28,,,,,,2016-02-28
8609756,급수공사대행업,1,2016,3,11,,,,,,2016-03-11
8609757,급수공사대행업,1,2016,7,18,,,,,,2016-07-18
8609758,급수공사대행업,1,2017,5,12,,,,,,2017-05-12
8609759,급수공사대행업,1,2017,7,26,,,,,,2017-07-26
8609760,급수공사대행업,1,2020,7,17,,,,,,2020-07-17
8609761,급수공사대행업,1,2020,3,18,,,,,,2020-03-18
8609762,급수공사대행업,1,2021,5,13,,,,,,2021-05-13
8609763,급수공사대행업,1,2021,4,30,,,,,,2021-04-30
8609764,급수공사대행업,1,2018,9,7,,,,,,2018-09-07
8609765,급수공사대행업,1,2009,2,2,,,,,,2009-02-02
8609766,급수공사대행업,1,2011,2,7,,,,,,2011-02-07
8609767,급수공사대행업,1,2011,3,10,,,,,,2011-03-10
8609768,급수공사대행업,1,2011,3,10,,,,,,2011-03-10
8609769,급수공사대행업,1,2009,2,2,,,,,,2009-02-02
8609770,급수공사대행업,1,2011,3,10,,,,,,2011-03-10
8609771,급수공사대행업,1,2009,2,2,,,,,,2009-02-02
8609772,급수공사대행업,0,2008,3,19,2010,3,18,2,2010-03-18,2008-03-19
8609773,급수공사대행업,0,2011,1,19,2013,1,18,2,2013-01-18,2011-01-19
8609774,급수공사대행업,0,2009,1,22,2011,1,21,2,2011-01-21,2009-01-22
8609775,급수공사대행업,0,2011,10,6,2013,10,5,2,2013-10-05,2011-10-06
8609776,급수공사대행업,0,2010,3,5,2012,3,4,2,2012-03-04,2010-03-05
8609777,급수공사대행업,0,2009,3,5,2011,3,4,2,2011-03-04,2009-03-05
8609778,급수공사대행업,0,2008,2,13,2010,2,12,2,2010-02-12,2008-02-13
8609779,급수공사대행업,0,2010,2,18,2012,2,17,2,2012-02-17,2010-02-18
8609780,급수공사대행업,0,2006,11,6,2008,11,14,2,2008-11-14,2006-11-06
8609781,급수공사대행업,1,2016,3,15,,,,,,2016-03-15
8609782,급수공사대행업,1,2016,8,24,,,,,,2016-08-24
8609783,급수공사대행업,1,2018,8,24,,,,,,2018-08-24
8609784,급수공사대행업,1,2018,12,27,,,,,,2018-12-27
8609785,급수공사대행업,1,2018,3,20,,,,,,2018-03-20
8609786,급수공사대행업,1,2018,3,19,,,,,,2018-03-19
8609787,급수공사대행업,1,2018,3,20,,,,,,2018-03-20
8609788,급수공사대행업,1,2016,4,19,,,,,,2016-04-19
8609789,급수공사대행업,0,2010,6,28,2012,6,27,2,2012-06-27,2010-06-28
8609790,급수공사대행업,1,2020,2,10,,,,,,2020-02-10
8609791,급수공사대행업,1,2018,9,11,,,,,,2018-09-11
8609792,급수공사대행업,1,2018,3,19,,,,,,2018-03-19
8609793,급수공사대행업,1,2022,4,12,,,,,,2022-04-12
8609794,급수공사대행업,1,2020,6,25,,,,,,2020-06-25
8609795,급수공사대행업,1,2020,6,5,,,,,,2020-06-05
8609796,급수공사대행업,1,2021,4,12,,,,,,2021-04-12
8609797,급수공사대행업,1,2007,11,8,,,,,,2007-11-08
8609798,급수공사대행업,1,2005,12,12,,,,,,2005-12-12
8609799,급수공사대행업,1,2005,11,25,,,,,,2005-11-25
8609800,급수공사대행업,1,2004,6,19,,,,,,2004-06-19
8609801,급수공사대행업,1,2008,6,18,,,,,,2008-06-18
8609802,급수공사대행업,1,2007,6,25,,,,,,2007-06-25
8609803,급수공사대행업,1,2009,3,24,,,,,,2009-03-24
8609804,급수공사대행업,1,2006,7,27,,,,,,2006-07-27
8609805,급수공사대행업,1,2007,9,5,,,,,,2007-09-05
8609806,급수공사대행업,1,2010,4,16,,,,,,2010-04-16
8609807,급수공사대행업,1,2010,3,22,,,,,,2010-03-22
8609808,급수공사대행업,1,2016,4,12,,,,,,2016-04-12
8609809,급수공사대행업,1,2015,11,25,,,,,,2015-11-25
8609810,급수공사대행업,1,2020,12,17,,,,,,2020-12-17
8609811,급수공사대행업,1,2020,9,16,,,,,,2020-09-16
8609812,급수공사대행업,1,2012,6,8,,,,,,2012-06-08
8609813,급수공사대행업,1,2012,6,8,,,,,,2012-06-08
8609814,급수공사대행업,1,2018,6,25,,,,,,2018-06-25
8609815,급수공사대행업,1,2018,6,25,,,,,,2018-06-25
8609816,급수공사대행업,1,2018,6,25,,,,,,2018-06-25
8609817,급수공사대행업,1,2018,6,25,,,,,,2018-06-25
8609818,급수공사대행업,1,2018,6,25,,,,,,2018-06-25
8609819,급수공사대행업,1,2018,6,25,,,,,,2018-06-25
8609820,급수공사대행업,1,2018,6,25,,,,,,2018-06-25
8609821,급수공사대행업,1,2021,7,2,,,,,,2021-07-02
8609822,급수공사대행업,1,2020,7,22,,,,,,2020-07-22
8609823,급수공사대행업,1,2020,10,22,,,,,,2020-10-22
8609824,급수공사대행업,1,2020,9,16,,,,,,2020-09-16
8609825,급수공사대행업,1,2020,9,16,,,,,,2020-09-16
8609826,급수공사대행업,1,2020,9,16,,,,,,2020-09-16
8609827,급수공사대행업,1,2020,9,16,,,,,,2020-09-16
8609828,급수공사대행업,1,2020,9,16,,,,,,2020-09-16
8609829,급수공사대행업,1,2019,3,15,,,,,,2019-03-15
8609830,급수공사대행업,1,2003,5,1,,,,,,2003-05-01
8609831,급수공사대행업,1,2002,10,11,,,,,,2002-10-11
8609832,급수공사대행업,1,2001,6,30,,,,,,2001-06-30
8609833,급수공사대행업,1,2003,4,25,,,,,,2003-04-25
8609834,급수공사대행업,1,2002,10,22,,,,,,2002-10-22
8609835,급수공사대행업,1,2002,3,9,,,,,,2002-03-09
8609836,급수공사대행업,1,2007,10,29,,,,,,2007-10-29
8609837,급수공사대행업,1,2007,10,23,,,,,,2007-10-23
8609838,급수공사대행업,1,2002,2,8,,,,,,2002-02-08
8609839,급수공사대행업,1,2002,6,29,,,,,,2002-06-29
8609840,급수공사대행업,1,2002,6,29,,,,,,2002-06-29
8609841,급수공사대행업,1,2002,6,29,,,,,,2002-06-29
8609842,급수공사대행업,1,2002,2,8,,,,,,2002-02-08
8609843,급수공사대행업,1,2002,2,8,,,,,,2002-02-08
8609844,급수공사대행업,1,2007,2,26,,,,,,2007-02-26
8609845,급수공사대행업,1,2007,2,26,,,,,,2007-02-26
8609846,급수공사대행업,1,2010,10,29,,,,,,2010-10-29
8609847,급수공사대행업,1,2010,10,22,,,,,,2010-10-22
8609848,급수공사대행업,1,2022,4,28,,,,,,2022-04-28
8609849,급수공사대행업,1,2013,1,9,,,,,,2013-01-09
8609850,급수공사대행업,1,2016,4,29,,,,,,2016-04-29
8609851,급수공사대행업,1,2014,4,30,,,,,,2014-04-30
8609852,급수공사대행업,1,2016,3,25,,,,,,2016-03-25
8609853,급수공사대행업,1,2014,4,23,,,,,,2014-04-23
8609854,급수공사대행업,1,2020,9,10,,,,,,2020-09-10
8609855,급수공사대행업,1,2016,5,4,,,,,,2016-05-04
8609856,급수공사대행업,1,2020,10,15,,,,,,2020-10-15
8609857,급수공사대행업,1,2020,10,15,,,,,,2020-10-15
8609858,급수공사대행업,1,2020,11,4,,,,,,2020-11-04
8609859,급수공사대행업,1,2020,11,11,,,,,,2020-11-11
8609860,급수공사대행업,1,2022,10,13,,,,,,2022-10-13
8609861,급수공사대행업,1,2022,10,13,,,,,,2022-10-13
8609862,급수공사대행업,1,2022,9,1,,,,,,2022-09-01
8609863,급수공사대행업,1,2022,11,9,,,,,,2022-11-09
8609864,급수공사대행업,1,2021,9,10,,,,,,2021-09-10
8609865,급수공사대행업,1,2021,8,20,,,,,,2021-08-20
8609866,급수공사대행업,1,2022,12,27,,,,,,2022-12-27
8609867,급수공사대행업,1,2020,6,12,,,,,,2020-06-12
8609868,급수공사대행업,1,2020,6,8,,,,,,2020-06-08
8609869,급수공사대행업,1,2022,3,16,,,,,,2022-03-16
8609870,급수공사대행업,1,2019,1,4,,,,,,2019-01-04
8609871,급수공사대행업,1,2018,11,14,,,,,,2018-11-14
8609872,급수공사대행업,1,2020,12,30,,,,,,2020-12-30
8609873,급수공사대행업,1,2022,6,13,,,,,,2022-06-13
8609874,급수공사대행업,1,2022,6,2,,,,,,2022-06-02
8609875,급수공사대행업,1,2010,10,16,,,,,,2010-10-16
8609876,급수공사대행업,1,2010,10,16,,,,,,2010-10-16
8609877,급수공사대행업,1,2010,10,16,,,,,,2010-10-16
8609878,급수공사대행업,1,2010,10,16,,,,,,2010-10-16
8609879,급수공사대행업,1,2014,6,20,,,,,,2014-06-20
8609880,급수공사대행업,1,2014,12,12,,,,,,2014-12-12
8609881,급수공사대행업,1,2018,6,8,,,,,,2018-06-08
8609882,급수공사대행업,1,2018,6,15,,,,,,2018-06-15
8609883,급수공사대행업,1,2014,2,14,,,,,,2014-02-14
8609884,급수공사대행업,1,2014,6,9,,,,,,2014-06-09
8609885,급수공사대행업,1,2013,1,29,,,,,,2013-01-29
8609886,급수공사대행업,1,2013,4,18,,,,,,2013-04-18
8609887,급수공사대행업,1,2009,6,22,,,,,,2009-06-22
8609888,급수공사대행업,1,2009,10,30,,,,,,2009-10-30
8609889,급수공사대행업,1,2013,4,5,,,,,,2013-04-05
8609890,급수공사대행업,1,2013,11,14,,,,,,2013-11-14
8609891,급수공사대행업,1,2020,10,15,,,,,,2020-10-15
8609892,급수공사대행업,1,2006,3,14,,,,,,2006-03-14
8609893,급수공사대행업,1,2006,3,14,,,,,,2006-03-14
8609894,급수공사대행업,1,2006,3,14,,,,,,2006-03-14
8609895,급수공사대행업,1,2003,9,30,,,,,,2003-09-30
8609896,급수공사대행업,1,2006,4,21,,,,,,2006-04-21
8609897,급수공사대행업,1,2008,2,26,,,,,,2008-02-26
8609898,급수공사대행업,1,2009,10,1,,,,,,2009-10-01
8609899,급수공사대행업,1,2009,5,22,,,,,,2009-05-22
8609900,급수공사대행업,1,2010,4,15,,,,,,2010-04-15
8609901,급수공사대행업,1,2010,12,27,,,,,,2010-12-27
8609902,급수공사대행업,1,2004,3,4,,,,,,2004-03-04
8609903,급수공사대행업,1,2007,2,28,,,,,,2007-02-28
8609904,급수공사대행업,1,2010,2,22,,,,,,2010-02-22
8609905,급수공사대행업,1,2010,12,27,,,,,,2010-12-27
8609906,급수공사대행업,1,2009,4,22,,,,,,2009-04-22
8609907,급수공사대행업,1,2001,10,13,,,,,,2001-10-13
8609908,급수공사대행업,1,2002,3,5,,,,,,2002-03-05
8609909,급수공사대행업,1,2003,4,22,,,,,,2003-04-22
8609910,급수공사대행업,1,2004,3,4,,,,,,2004-03-04
8609911,급수공사대행업,1,2006,10,12,,,,,,2006-10-12
8609912,급수공사대행업,0,2010,10,7,,,,,,2010-10-07
8609913,급수공사대행업,1,2022,5,12,,,,,,2022-05-12
8609914,급수공사대행업,0,2013,9,6,,,,,,2013-09-06
8609915,급수공사대행업,0,2020,5,12,,,,,,2020-05-12
8609916,급수공사대행업,0,2009,2,12,,,,,,2009-02-12
8609917,급수공사대행업,0,2011,3,2,,,,,,2011-03-02
8609918,급수공사대행업,0,2018,5,11,,,,,,2018-05-11
8609919,급수공사대행업,0,2015,1,12,,,,,,2015-01-12
8609920,급수공사대행업,0,2011,5,17,,,,,,2011-05-17
8609921,급수공사대행업,0,2010,8,5,,,,,,2010-08-05
8609922,급수공사대행업,1,2022,5,12,,,,,,2022-05-12
8609923,급수공사대행업,1,2022,5,12,,,,,,2022-05-12
8609924,급수공사대행업,1,2022,5,12,,,,,,2022-05-12
8609925,급수공사대행업,1,2022,5,12,,,,,,2022-05-12
8609926,급수공사대행업,1,2022,5,12,,,,,,2022-05-12
8609927,급수공사대행업,0,2008,1,11,,,,,,2008-01-11
8609928,급수공사대행업,1,2012,2,20,,,,,,2012-02-20
8609929,급수공사대행업,1,2018,1,1,,,,,,2018-01-01
8609930,급수공사대행업,1,2012,2,20,,,,,,2012-02-20
8609931,급수공사대행업,1,2012,4,20,,,,,,2012-04-20
8609932,급수공사대행업,1,2012,5,16,,,,,,2012-05-16
8609933,급수공사대행업,1,2012,4,20,,,,,,2012-04-20
8609934,급수공사대행업,1,2012,4,23,,,,,,2012-04-23
8609935,급수공사대행업,1,2015,1,7,,,,,,2015-01-07
8609936,급수공사대행업,1,2012,12,6,,,,,,2012-12-06
8609937,급수공사대행업,1,2012,12,17,,,,,,2012-12-17
8609938,급수공사대행업,1,2012,12,17,,,,,,2012-12-17
8609939,급수공사대행업,1,2012,11,19,,,,,,2012-11-19
8609940,급수공사대행업,1,2010,9,2,,,,,,2010-09-02
8609941,급수공사대행업,1,2011,7,7,,,,,,2011-07-07
8609942,급수공사대행업,1,2011,7,5,,,,,,2011-07-05
8609943,급수공사대행업,1,2011,6,27,,,,,,2011-06-27
8609944,급수공사대행업,1,2011,6,30,,,,,,2011-06-30
8609945,급수공사대행업,1,2012,2,27,,,,,,2012-02-27
8609946,급수공사대행업,1,2020,6,24,,,,,,2020-06-24
8609947,급수공사대행업,1,2012,5,24,,,,,,2012-05-24
8609948,급수공사대행업,1,2021,10,28,,,,,,2021-10-28
8609949,급수공사대행업,1,2019,8,14,,,,,,2019-08-14
8609950,급수공사대행업,1,2019,12,19,,,,,,2019-12-19
8609951,급수공사대행업,1,2022,2,28,,,,,,2022-02-28
8609952,급수공사대행업,1,2022,2,21,,,,,,2022-02-21
8609953,급수공사대행업,1,2020,2,19,,,,,,2020-02-19
8609954,급수공사대행업,1,2020,3,12,,,,,,2020-03-12
8609955,급수공사대행업,1,2020,3,17,,,,,,2020-03-17
8609956,급수공사대행업,1,2019,2,22,,,,,,2019-02-22
8609957,급수공사대행업,1,2019,3,5,,,,,,2019-03-05
8609958,급수공사대행업,1,2022,5,20,,,,,,2022-05-20
8609959,급수공사대행업,1,2013,5,15,,,,,,2013-05-15
8609960,급수공사대행업,1,2012,6,15,,,,,,2012-06-15
8609961,급수공사대행업,1,2012,7,5,,,,,,2012-07-05
8609962,급수공사대행업,1,2016,2,23,,,,,,2016-02-23
8609963,급수공사대행업,1,2018,6,1,,,,,,2018-06-01
8609964,급수공사대행업,1,2018,7,5,,,,,,2018-07-05
8609965,급수공사대행업,1,2020,10,19,,,,,,2020-10-19
8609966,급수공사대행업,1,2020,11,10,,,,,,2020-11-10
8609967,급수공사대행업,1,2022,9,14,,,,,,2022-09-14
8609968,급수공사대행업,1,2021,4,12,,,,,,2021-04-12
8609969,급수공사대행업,1,2020,7,16,,,,,,2020-07-16
8609970,급수공사대행업,1,2020,8,21,,,,,,2020-08-21
8609971,급수공사대행업,1,2021,8,4,,,,,,2021-08-04
8609972,급수공사대행업,1,2021,8,4,,,,,,2021-08-04
8609973,급수공사대행업,1,2022,12,13,,,,,,2022-12-13
8609974,급수공사대행업,1,2021,6,9,,,,,,2021-06-09
8609975,급수공사대행업,1,2018,5,25,,,,,,2018-05-25
8609976,급수공사대행업,1,2017,2,10,,,,,,2017-02-10
8609977,급수공사대행업,1,2017,2,24,,,,,,2017-02-24
8609978,급수공사대행업,1,2017,3,20,,,,,,2017-03-20
8609979,급수공사대행업,1,2017,6,29,,,,,,2017-06-29
8609980,급수공사대행업,1,2018,4,17,,,,,,2018-04-17
8609981,급수공사대행업,1,2006,5,10,,,,,,2006-05-10
8609982,급수공사대행업,1,2013,8,19,,,,,,2013-08-19
8609983,급수공사대행업,1,2014,3,18,,,,,,2014-03-18
8609984,급수공사대행업,1,2021,10,28,,,,,,2021-10-28
8609985,급수공사대행업,1,2004,1,28,,,,,,2004-01-28
8609986,급수공사대행업,1,2010,5,4,,,,,,2010-05-04
8609987,급수공사대행업,1,2006,3,10,,,,,,2006-03-10
8609988,급수공사대행업,1,2004,7,2,,,,,,2004-07-02
8609989,급수공사대행업,1,2006,3,15,,,,,,2006-03-15
8609990,급수공사대행업,1,2015,2,26,,,,,,2015-02-26
8609991,급수공사대행업,1,2011,8,10,,,,,,2011-08-10
8609992,급수공사대행업,1,2015,2,26,,,,,,2015-02-26
8609993,급수공사대행업,1,2015,2,26,,,,,,2015-02-26
8609994,급수공사대행업,1,2015,2,26,,,,,,2015-02-26
8609995,급수공사대행업,1,2015,2,26,,,,,,2015-02-26
8609996,급수공사대행업,1,2017,3,31,,,,,,2017-03-31
8609997,급수공사대행업,1,2017,3,31,,,,,,2017-03-31
8609998,급수공사대행업,1,2017,3,31,,,,,,2017-03-31
8609999,급수공사대행업,1,2015,2,25,,,,,,2015-02-25
8610000,급수공사대행업,1,2017,3,31,,,,,,2017-03-31
8610001,급수공사대행업,1,2017,3,31,,,,,,2017-03-31
8610002,급수공사대행업,1,2017,3,31,,,,,,2017-03-31
8610003,급수공사대행업,1,2017,3,31,,,,,,2017-03-31
8610004,급수공사대행업,1,2005,4,20,,,,,,2005-04-20
8610005,급수공사대행업,1,2011,5,4,,,,,,2011-05-04
8610006,급수공사대행업,1,2007,5,21,,,,,,2007-05-21
8610007,급수공사대행업,1,2005,7,8,,,,,,2005-07-08
8610008,급수공사대행업,1,2011,6,1,,,,,,2011-06-01
8610009,급수공사대행업,1,2015,2,26,,,,,,2015-02-26
8610010,급수공사대행업,1,2002,12,7,,,,,,2002-12-07
8610011,급수공사대행업,1,2002,12,23,,,,,,2002-12-23
8610012,급수공사대행업,1,2003,2,21,,,,,,2003-02-21
8610013,급수공사대행업,1,2003,2,24,,,,,,2003-02-24
8610014,급수공사대행업,1,2011,7,5,,,,,,2011-07-05
8610015,급수공사대행업,1,2003,5,26,,,,,,2003-05-26
8610016,급수공사대행업,1,2003,5,26,,,,,,2003-05-26
8610017,급수공사대행업,1,2003,5,29,,,,,,2003-05-29
8610018,급수공사대행업,1,2003,4,3,,,,,,2003-04-03
8610019,급수공사대행업,1,2004,8,19,,,,,,2004-08-19
8610020,급수공사대행업,1,2004,8,19,,,,,,2004-08-19
8610021,급수공사대행업,1,2004,8,19,,,,,,2004-08-19
8610022,급수공사대행업,1,2018,9,11,,,,,,2018-09-11
8610023,급수공사대행업,1,2018,9,11,,,,,,2018-09-11
8610024,급수공사대행업,1,2018,9,11,,,,,,2018-09-11
8610025,급수공사대행업,1,2021,11,23,,,,,,2021-11-23
8610026,급수공사대행업,1,2021,11,23,,,,,,2021-11-23
8610027,급수공사대행업,1,2021,11,23,,,,,,2021-11-23
8610028,급수공사대행업,1,2022,5,9,,,,,,2022-05-09
8610029,급수공사대행업,1,2021,11,23,,,,,,2021-11-23
8610030,급수공사대행업,1,2021,11,23,,,,,,2021-11-23
8610031,급수공사대행업,1,2021,11,23,,,,,,2021-11-23
8610032,급수공사대행업,1,2021,11,23,,,,,,2021-11-23
8610033,급수공사대행업,1,2021,11,23,,,,,,2021-11-23
8610034,급수공사대행업,1,2021,11,23,,,,,,2021-11-23
8610035,급수공사대행업,1,2018,11,23,,,,,,2018-11-23
8610036,급수공사대행업,1,2018,11,23,,,,,,2018-11-23
8610037,급수공사대행업,1,2022,11,10,,,,,,2022-11-10
8610038,급수공사대행업,1,2018,11,23,,,,,,2018-11-23
8610039,급수공사대행업,1,2018,11,23,,,,,,2018-11-23
8610040,급수공사대행업,1,2018,11,23,,,,,,2018-11-23
8610041,급수공사대행업,1,2018,11,23,,,,,,2018-11-23
8610042,급수공사대행업,1,2001,2,10,,,,,,2001-02-10
8610043,급수공사대행업,1,2007,8,3,,,,,,2007-08-03
8610044,급수공사대행업,1,2011,3,17,,,,,,2011-03-17
8610045,급수공사대행업,1,2014,7,7,,,,,,2014-07-07
8610046,급수공사대행업,1,2002,8,1,,,,,,2002-08-01
8610047,급수공사대행업,1,2015,7,13,,,,,,2015-07-13
8610048,급수공사대행업,1,2016,1,28,,,,,,2016-01-28
8610049,급수공사대행업,1,2011,3,17,,,,,,2011-03-17
8610050,급수공사대행업,1,2002,9,2,,,,,,2002-09-02
8610051,급수공사대행업,1,1999,9,30,,,,,,1999-09-30
8610052,급수공사대행업,1,2002,1,2,,,,,,2002-01-02
8610053,급수공사대행업,1,2022,3,12,,,,,,2022-03-12
8610054,급수공사대행업,1,2015,5,27,,,,,,2015-05-27
8610055,급수공사대행업,1,2019,7,1,,,,,,2019-07-01
8610056,급수공사대행업,1,2019,7,1,,,,,,2019-07-01
8610057,급수공사대행업,1,2019,11,22,,,,,,2019-11-22
8610058,급수공사대행업,1,2020,1,17,,,,,,2020-01-17
8610059,급수공사대행업,1,2019,3,7,,,,,,2019-03-07
8610060,급수공사대행업,1,2019,6,3,,,,,,2019-06-03
8610061,급수공사대행업,1,2019,5,20,,,,,,2019-05-20
8610062,급수공사대행업,1,2019,5,7,,,,,,2019-05-07
8610063,급수공사대행업,1,2014,6,27,,,,,,2014-06-27
8610064,급수공사대행업,1,2014,6,27,,,,,,2014-06-27
8610065,급수공사대행업,1,2017,5,19,,,,,,2017-05-19
8610066,급수공사대행업,1,2017,6,29,,,,,,2017-06-29
8610067,급수공사대행업,1,2017,9,29,,,,,,2017-09-29
8610068,급수공사대행업,1,2018,1,16,,,,,,2018-01-16
8610069,급수공사대행업,1,2018,1,24,,,,,,2018-01-24
8610070,급수공사대행업,1,2014,6,27,,,,,,2014-06-27
8610071,급수공사대행업,1,2018,7,5,,,,,,2018-07-05
8610072,급수공사대행업,1,2018,7,5,,,,,,2018-07-05
8610073,급수공사대행업,1,2011,7,11,,,,,,2011-07-11
8610074,급수공사대행업,1,2003,3,31,,,,,,2003-03-31
8610075,급수공사대행업,1,2012,6,29,,,,,,2012-06-29
8610076,급수공사대행업,1,2007,7,16,,,,,,2007-07-16
8610077,급수공사대행업,1,2012,6,26,,,,,,2012-06-26
8610078,급수공사대행업,1,2011,7,11,,,,,,2011-07-11
8610079,급수공사대행업,1,2009,7,27,,,,,,2009-07-27
8610080,급수공사대행업,1,2012,6,25,,,,,,2012-06-25
8610081,급수공사대행업,1,2011,3,22,,,,,,2011-03-22
8610082,급수공사대행업,1,2021,11,22,,,,,,2021-11-22
8610083,급수공사대행업,1,2015,5,27,,,,,,2015-05-27
8610084,급수공사대행업,1,2013,3,7,,,,,,2013-03-07
8610085,급수공사대행업,1,2013,3,7,,,,,,2013-03-07
8610086,급수공사대행업,1,2015,3,5,,,,,,2015-03-05
8610087,급수공사대행업,1,2017,5,18,,,,,,2017-05-18
8610088,급수공사대행업,1,2015,7,1,,,,,,2015-07-01
8610089,급수공사대행업,1,2015,7,14,,,,,,2015-07-14
8610090,급수공사대행업,1,2015,9,22,,,,,,2015-09-22
8610091,급수공사대행업,1,2016,1,11,,,,,,2016-01-11
8610092,급수공사대행업,1,2016,6,28,,,,,,2016-06-28
8610093,급수공사대행업,1,2021,6,3,,,,,,2021-06-03
8610094,급수공사대행업,1,2021,7,1,,,,,,2021-07-01
8610095,급수공사대행업,1,2021,7,1,,,,,,2021-07-01
8610096,급수공사대행업,1,2021,5,20,,,,,,2021-05-20
8610097,급수공사대행업,1,2021,5,7,,,,,,2021-05-07
8610098,급수공사대행업,1,2020,7,21,,,,,,2020-07-21
8610099,급수공사대행업,1,2021,1,18,,,,,,2021-01-18
8610100,급수공사대행업,1,2016,6,28,,,,,,2016-06-28
8610101,급수공사대행업,1,2016,10,24,,,,,,2016-10-24
8610102,급수공사대행업,1,2017,3,10,,,,,,2017-03-10
8610103,급수공사대행업,1,2017,5,18,,,,,,2017-05-18
8610104,급수공사대행업,1,2010,4,29,,,,,,2010-04-29
8610105,급수공사대행업,1,2011,2,28,,,,,,2011-02-28
8610106,급수공사대행업,1,2011,2,23,,,,,,2011-02-23
8610107,급수공사대행업,1,2013,4,17,,,,,,2013-04-17
8610108,급수공사대행업,1,2015,5,20,,,,,,2015-05-20
8610109,급수공사대행업,1,2012,6,18,,,,,,2012-06-18
8610110,급수공사대행업,1,2004,1,19,,,,,,2004-01-19
8610111,급수공사대행업,1,2003,4,11,,,,,,2003-04-11
8610112,급수공사대행업,1,2014,11,19,,,,,,2014-11-19
8610113,급수공사대행업,1,2004,4,20,,,,,,2004-04-20
8610114,급수공사대행업,1,2016,9,30,,,,,,2016-09-30
8610115,급수공사대행업,1,2016,12,5,,,,,,2016-12-05
8610116,급수공사대행업,1,2010,3,19,,,,,,2010-03-19
8610117,급수공사대행업,1,2010,5,28,,,,,,2010-05-28
8610118,급수공사대행업,1,2016,8,8,,,,,,2016-08-08
8610119,급수공사대행업,1,2011,8,8,,,,,,2011-08-08
8610120,급수공사대행업,1,2016,8,23,,,,,,2016-08-23
8610121,급수공사대행업,1,2011,3,29,,,,,,2011-03-29
8610122,급수공사대행업,1,2011,4,4,,,,,,2011-04-04
8610123,급수공사대행업,1,2011,8,8,,,,,,2011-08-08
8610124,급수공사대행업,1,2019,12,30,,,,,,2019-12-30
8610125,급수공사대행업,1,2005,7,7,,,,,,2005-07-07
8610126,급수공사대행업,1,2005,7,7,,,,,,2005-07-07
8610127,급수공사대행업,1,2005,7,7,,,,,,2005-07-07
8610128,급수공사대행업,1,2010,7,6,,,,,,2010-07-06
8610129,급수공사대행업,1,2010,7,6,,,,,,2010-07-06
8610130,급수공사대행업,1,2010,7,6,,,,,,2010-07-06
8610131,급수공사대행업,1,2019,12,30,,,,,,2019-12-30
8610132,급수공사대행업,1,2019,12,30,,,,,,2019-12-30
8610133,급수공사대행업,1,2019,12,30,,,,,,2019-12-30
8610134,급수공사대행업,1,2019,12,30,,,,,,2019-12-30
8610135,급수공사대행업,1,2019,12,30,,,,,,2019-12-30
8610136,급수공사대행업,1,2019,12,30,,,,,,2019-12-30
8610137,급수공사대행업,1,2019,12,30,,,,,,2019-12-30
8610138,급수공사대행업,1,2022,12,30,,,,,,2022-12-30
8610139,급수공사대행업,1,2022,12,30,,,,,,2022-12-30
8610140,급수공사대행업,1,2022,12,30,,,,,,2022-12-30
8610141,급수공사대행업,1,2022,12,30,,,,,,2022-12-30
8610142,급수공사대행업,1,2022,12,30,,,,,,2022-12-30
8610143,급수공사대행업,1,2022,12,30,,,,,,2022-12-30
8610144,급수공사대행업,1,2022,12,30,,,,,,2022-12-30
8610145,급수공사대행업,1,2022,12,30,,,,,,2022-12-30
8610146,급수공사대행업,1,2022,12,30,,,,,,2022-12-30
8610147,급수공사대행업,1,2022,12,30,,,,,,2022-12-30
8610148,급수공사대행업,1,2022,12,30,,,,,,2022-12-30
8610149,급수공사대행업,1,2022,12,30,,,,,,2022-12-30
8610150,급수공사대행업,1,2022,12,30,,,,,,2022-12-30
8610151,급수공사대행업,1,2022,12,30,,,,,,2022-12-30
8610152,급수공사대행업,1,2019,12,26,,,,,,2019-12-26
8610153,급수공사대행업,1,2019,12,26,,,,,,2019-12-26
8610154,급수공사대행업,1,2019,12,26,,,,,,2019-12-26
8610155,급수공사대행업,1,2019,12,26,,,,,,2019-12-26
8610156,급수공사대행업,1,2019,12,26,,,,,,2019-12-26
8610157,급수공사대행업,1,2019,12,26,,,,,,2019-12-26
8610158,급수공사대행업,1,2019,12,30,,,,,,2019-12-30
8610159,급수공사대행업,1,2016,12,28,,,,,,2016-12-28
8610160,급수공사대행업,1,2006,10,31,,,,,,2006-10-31
8610161,급수공사대행업,1,2002,2,14,,,,,,2002-02-14
8610162,급수공사대행업,1,2002,2,14,,,,,,2002-02-14
8610163,급수공사대행업,1,2002,2,14,,,,,,2002-02-14
8610164,급수공사대행업,1,2002,2,14,,,,,,2002-02-14
8610165,급수공사대행업,1,2002,2,14,,,,,,2002-02-14
8610166,급수공사대행업,1,2002,5,15,,,,,,2002-05-15
8610167,급수공사대행업,1,2002,5,15,,,,,,2002-05-15
8610168,급수공사대행업,1,2003,1,14,,,,,,2003-01-14
8610169,급수공사대행업,1,2003,1,14,,,,,,2003-01-14
8610170,급수공사대행업,1,2002,2,14,,,,,,2002-02-14
8610171,급수공사대행업,1,2003,2,14,,,,,,2003-02-14
8610172,급수공사대행업,1,2003,1,14,,,,,,2003-01-14
8610173,급수공사대행업,1,2002,2,14,,,,,,2002-02-14
8610174,급수공사대행업,1,2002,2,14,,,,,,2002-02-14
8610175,급수공사대행업,1,2002,2,14,,,,,,2002-02-14
8610176,급수공사대행업,1,2010,6,15,,,,,,2010-06-15
8610177,급수공사대행업,1,2015,3,17,,,,,,2015-03-17
8610178,급수공사대행업,1,2015,3,17,,,,,,2015-03-17
8610179,급수공사대행업,1,2015,3,17,,,,,,2015-03-17
8610180,급수공사대행업,1,2014,6,30,,,,,,2014-06-30
8610181,급수공사대행업,1,2014,6,30,,,,,,2014-06-30
8610182,급수공사대행업,1,2011,4,28,,,,,,2011-04-28
8610183,급수공사대행업,1,2012,6,18,,,,,,2012-06-18
8610184,급수공사대행업,1,2012,6,18,,,,,,2012-06-18
8610185,급수공사대행업,1,2012,6,18,,,,,,2012-06-18
8610186,급수공사대행업,1,2007,7,11,,,,,,2007-07-11
8610187,급수공사대행업,1,2011,6,30,,,,,,2011-06-30
8610188,급수공사대행업,1,2018,6,26,,,,,,2018-06-26
8610189,급수공사대행업,1,2008,2,28,,,,,,2008-02-28
8610190,급수공사대행업,1,2009,5,29,,,,,,2009-05-29
8610191,급수공사대행업,1,2008,9,11,,,,,,2008-09-11
8610192,급수공사대행업,1,2008,11,17,,,,,,2008-11-17
8610193,급수공사대행업,1,2004,7,5,,,,,,2004-07-05
8610194,급수공사대행업,1,2003,3,5,,,,,,2003-03-05
8610195,급수공사대행업,1,2011,12,9,,,,,,2011-12-09
8610196,급수공사대행업,1,2011,12,9,,,,,,2011-12-09
8610197,급수공사대행업,1,2008,2,28,,,,,,2008-02-28
8610198,급수공사대행업,1,2004,2,20,,,,,,2004-02-20
8610199,급수공사대행업,1,2004,2,20,,,,,,2004-02-20
8610200,급수공사대행업,1,2004,2,20,,,,,,2004-02-20
8610201,급수공사대행업,1,2004,2,20,,,,,,2004-02-20
8610202,급수공사대행업,1,2012,2,22,,,,,,2012-02-22
8610203,급수공사대행업,1,2004,11,26,,,,,,2004-11-26
8610204,급수공사대행업,1,2005,9,20,,,,,,2005-09-20
8610205,급수공사대행업,1,2006,2,20,,,,,,2006-02-20
8610206,급수공사대행업,1,2006,10,30,,,,,,2006-10-30
8610207,급수공사대행업,1,2003,10,11,,,,,,2003-10-11
8610208,급수공사대행업,1,2010,3,22,,,,,,2010-03-22
8610209,급수공사대행업,1,2007,7,26,,,,,,2007-07-26
8610210,급수공사대행업,1,2000,2,16,,,,,,2000-02-16
8610211,급수공사대행업,1,2000,2,16,,,,,,2000-02-16
8610212,급수공사대행업,0,1981,11,3,1997,8,30,16,1997-08-30,1981-11-03
8610213,급수공사대행업,0,2011,8,22,2014,8,21,3,2014-08-21,2011-08-22
8610214,급수공사대행업,1,1999,11,23,,,,,,1999-11-23
8610215,급수공사대행업,1,1992,4,1,,,,,,1992-04-01
8610216,급수공사대행업,1,1984,4,1,,,,,,1984-04-01
8610217,급수공사대행업,1,1981,11,3,,,,,,1981-11-03
8610218,급수공사대행업,1,1981,11,3,,,,,,1981-11-03
8610219,급수공사대행업,1,1982,12,3,,,,,,1982-12-03
8610220,급수공사대행업,1,1998,3,31,,,,,,1998-03-31
8610221,급수공사대행업,1,2002,3,19,,,,,,2002-03-19
8610222,급수공사대행업,1,2002,3,19,,,,,,2002-03-19
8610223,급수공사대행업,1,2008,1,25,,,,,,2008-01-25
8610224,급수공사대행업,1,2008,1,25,,,,,,2008-01-25
8610225,급수공사대행업,1,2008,1,25,,,,,,2008-01-25
8610226,급수공사대행업,1,2008,1,25,,,,,,2008-01-25
8610227,급수공사대행업,1,2008,1,25,,,,,,2008-01-25
8610228,급수공사대행업,1,2008,1,25,,,,,,2008-01-25
8610229,급수공사대행업,1,2008,1,25,,,,,,2008-01-25
8610230,급수공사대행업,1,2002,9,26,,,,,,2002-09-26
8610231,급수공사대행업,1,2021,11,16,,,,,,2021-11-16
8610232,급수공사대행업,1,2022,3,8,,,,,,2022-03-08
8610233,급수공사대행업,1,2003,4,1,,,,,,2003-04-01
8610234,급수공사대행업,1,2001,8,3,,,,,,2001-08-03
8610235,급수공사대행업,1,2001,5,3,,,,,,2001-05-03
8610236,급수공사대행업,1,2001,5,3,,,,,,2001-05-03
8610237,급수공사대행업,1,1999,12,28,,,,,,1999-12-28
8610238,급수공사대행업,1,1999,12,11,,,,,,1999-12-11
8610239,급수공사대행업,1,2007,5,18,,,,,,2007-05-18
8610240,급수공사대행업,1,2005,10,6,,,,,,2005-10-06
8610241,급수공사대행업,1,2021,7,21,,,,,,2021-07-21
8610242,급수공사대행업,1,2019,12,16,,,,,,2019-12-16
8610243,급수공사대행업,1,2021,11,5,,,,,,2021-11-05
8610244,급수공사대행업,1,2021,11,22,,,,,,2021-11-22
8610245,급수공사대행업,1,2021,11,22,,,,,,2021-11-22
8610246,급수공사대행업,1,2022,10,11,,,,,,2022-10-11
8610247,급수공사대행업,1,2022,6,30,,,,,,2022-06-30
8610248,급수공사대행업,1,2022,6,30,,,,,,2022-06-30
8610249,급수공사대행업,1,2020,12,16,,,,,,2020-12-16
8610250,급수공사대행업,1,2020,12,16,,,,,,2020-12-16
8610251,급수공사대행업,1,2005,6,29,,,,,,2005-06-29
8610252,급수공사대행업,1,2006,1,17,,,,,,2006-01-17
8610253,급수공사대행업,1,2008,12,1,,,,,,2008-12-01
8610254,급수공사대행업,1,2004,9,14,,,,,,2004-09-14
8610255,급수공사대행업,1,2007,5,7,,,,,,2007-05-07
8610256,급수공사대행업,1,2012,12,4,,,,,,2012-12-04
8610257,급수공사대행업,1,2012,5,16,,,,,,2012-05-16
8610258,급수공사대행업,1,2012,10,30,,,,,,2012-10-30
8610259,급수공사대행업,1,2013,6,11,,,,,,2013-06-11
8610260,급수공사대행업,1,2013,10,7,,,,,,2013-10-07
8610261,급수공사대행업,1,2001,12,6,,,,,,2001-12-06
8610262,급수공사대행업,1,2007,7,12,,,,,,2007-07-12
8610263,급수공사대행업,1,2009,5,12,,,,,,2009-05-12
8610264,급수공사대행업,1,2007,9,20,,,,,,2007-09-20
8610265,급수공사대행업,1,2013,5,23,,,,,,2013-05-23
8610266,급수공사대행업,1,2013,5,23,,,,,,2013-05-23
8610267,급수공사대행업,1,2015,1,2,,,,,,2015-01-02
8610268,급수공사대행업,1,2013,5,23,,,,,,2013-05-23
8610269,급수공사대행업,1,2001,10,24,,,,,,2001-10-24
8610270,급수공사대행업,1,2001,11,12,,,,,,2001-11-12
8610271,급수공사대행업,1,2012,6,27,,,,,,2012-06-27
8610272,급수공사대행업,1,2014,3,14,,,,,,2014-03-14
8610273,급수공사대행업,1,2015,2,3,,,,,,2015-02-03
8610274,급수공사대행업,1,2017,2,24,,,,,,2017-02-24
8610275,급수공사대행업,1,2008,12,22,,,,,,2008-12-22
8610276,급수공사대행업,1,2008,12,22,,,,,,2008-12-22
8610277,급수공사대행업,1,2019,11,21,,,,,,2019-11-21
8610278,급수공사대행업,1,2022,3,11,,,,,,2022-03-11
8610279,급수공사대행업,1,2020,2,13,,,,,,2020-02-13
8610280,급수공사대행업,1,2020,7,24,,,,,,2020-07-24
8610281,급수공사대행업,1,2022,6,29,,,,,,2022-06-29
8610282,급수공사대행업,0,2013,2,21,2015,11,9,2,2015-11-09,2013-02-21
8610283,급수공사대행업,1,2015,2,4,,,,,,2015-02-04
8610284,급수공사대행업,1,2015,3,3,,,,,,2015-03-03
8610285,급수공사대행업,1,2018,2,21,,,,,,2018-02-21
8610286,급수공사대행업,1,2019,2,11,,,,,,2019-02-11
8610287,급수공사대행업,1,2005,12,26,,,,,,2005-12-26
8610288,급수공사대행업,1,2011,2,22,,,,,,2011-02-22
8610289,급수공사대행업,1,2018,2,21,,,,,,2018-02-21
8610290,급수공사대행업,1,2006,12,27,,,,,,2006-12-27
8610291,급수공사대행업,1,2007,12,18,,,,,,2007-12-18
8610292,급수공사대행업,1,2006,12,27,,,,,,2006-12-27
8610293,급수공사대행업,1,2009,12,1,,,,,,2009-12-01
8610294,급수공사대행업,1,2011,2,22,,,,,,2011-02-22
8610295,급수공사대행업,1,2013,8,20,,,,,,2013-08-20
8610296,급수공사대행업,1,2014,7,26,,,,,,2014-07-26
8610297,급수공사대행업,1,2014,7,26,,,,,,2014-07-26
8610298,급수공사대행업,1,2013,2,15,,,,,,2013-02-15
8610299,급수공사대행업,1,2017,6,15,,,,,,2017-06-15
8610300,급수공사대행업,1,2001,12,12,,,,,,2001-12-12
8610301,급수공사대행업,1,1988,11,3,,,,,,1988-11-03
8610302,급수공사대행업,1,2019,5,1,,,,,,2019-05-01
8610303,급수공사대행업,1,2019,5,1,,,,,,2019-05-01
8610304,급수공사대행업,1,2004,10,14,,,,,,2004-10-14
8610305,급수공사대행업,1,2001,12,12,,,,,,2001-12-12
8610306,급수공사대행업,1,2016,12,29,,,,,,2016-12-29
8610307,급수공사대행업,1,1992,10,15,,,,,,1992-10-15
8610308,급수공사대행업,1,2001,12,12,,,,,,2001-12-12
8610309,급수공사대행업,1,2019,9,4,,,,,,2019-09-04
8610310,급수공사대행업,1,2017,9,15,,,,,,2017-09-15
8610311,급수공사대행업,1,2019,9,4,,,,,,2019-09-04
8610312,급수공사대행업,1,2019,9,4,,,,,,2019-09-04
8610313,급수공사대행업,1,2019,9,4,,,,,,2019-09-04
8610314,급수공사대행업,1,2019,9,4,,,,,,2019-09-04
8610315,급수공사대행업,1,2019,9,4,,,,,,2019-09-04
8610316,급수공사대행업,1,2018,11,13,,,,,,2018-11-13
8610317,급수공사대행업,1,2012,2,9,,,,,,2012-02-09
8610318,급수공사대행업,1,2019,9,4,,,,,,2019-09-04
8610319,급수공사대행업,1,2019,9,4,,,,,,2019-09-04
8610320,급수공사대행업,1,2019,9,4,,,,,,2019-09-04
8610321,급수공사대행업,0,2009,8,26,2017,9,11,8,2017-09-11,2009-08-26
8610322,급수공사대행업,1,2022,12,28,,,,,,2022-12-28
8610323,급수공사대행업,1,2021,9,2,,,,,,2021-09-02
8610324,급수공사대행업,1,2021,9,2,,,,,,2021-09-02
8610325,급수공사대행업,1,2022,3,28,,,,,,2022-03-28
8610326,급수공사대행업,1,2021,9,2,,,,,,2021-09-02
8610327,급수공사대행업,1,2021,9,2,,,,,,2021-09-02
8610328,급수공사대행업,1,2019,9,4,,,,,,2019-09-04
8610329,급수공사대행업,1,2019,9,4,,,,,,2019-09-04
8610330,급수공사대행업,1,2021,9,2,,,,,,2021-09-02
8610331,급수공사대행업,1,2021,9,2,,,,,,2021-09-02
8610332,급수공사대행업,1,2020,6,10,,,,,,2020-06-10
8610333,급수공사대행업,1,2011,7,7,,,,,,2011-07-07
8610334,급수공사대행업,1,2019,7,31,,,,,,2019-07-31
8610335,급수공사대행업,1,2019,7,31,,,,,,2019-07-31
8610336,급수공사대행업,1,2019,7,31,,,,,,2019-07-31
8610337,급수공사대행업,1,2019,7,31,,,,,,2019-07-31
8610338,급수공사대행업,1,2019,7,31,,,,,,2019-07-31
8610339,급수공사대행업,1,2016,8,1,,,,,,2016-08-01
8610340,급수공사대행업,1,2016,8,1,,,,,,2016-08-01
8610341,급수공사대행업,1,2016,8,1,,,,,,2016-08-01
8610342,급수공사대행업,1,2016,8,1,,,,,,2016-08-01
8610343,급수공사대행업,1,2016,8,1,,,,,,2016-08-01
8610344,급수공사대행업,1,2016,8,1,,,,,,2016-08-01
8610345,급수공사대행업,1,2011,12,27,,,,,,2011-12-27
8610346,급수공사대행업,1,2011,5,20,,,,,,2011-05-20
8610347,급수공사대행업,1,2020,6,10,,,,,,2020-06-10
8610348,급수공사대행업,1,2020,3,6,,,,,,2020-03-06
8610349,급수공사대행업,1,2021,9,13,,,,,,2021-09-13
8610350,급수공사대행업,1,2018,8,21,,,,,,2018-08-21
8610351,급수공사대행업,1,2021,5,25,,,,,,2021-05-25
8610352,급수공사대행업,1,2021,4,8,,,,,,2021-04-08
8610353,급수공사대행업,1,2022,5,17,,,,,,2022-05-17
8610354,급수공사대행업,1,2016,7,12,,,,,,2016-07-12
8610355,급수공사대행업,1,2021,5,25,,,,,,2021-05-25
8610356,급수공사대행업,1,2015,5,29,,,,,,2015-05-29
8610357,급수공사대행업,1,2015,9,5,,,,,,2015-09-05
8610358,급수공사대행업,1,2013,9,5,,,,,,2013-09-05
8610359,급수공사대행업,1,2013,9,10,,,,,,2013-09-10
8610360,급수공사대행업,1,2013,6,28,,,,,,2013-06-28
8610361,급수공사대행업,1,2015,8,17,,,,,,2015-08-17
8610362,급수공사대행업,1,2021,9,13,,,,,,2021-09-13
8610363,급수공사대행업,1,2016,7,11,,,,,,2016-07-11
8610364,급수공사대행업,1,2016,7,11,,,,,,2016-07-11
8610365,급수공사대행업,1,2017,3,20,,,,,,2017-03-20
8610366,급수공사대행업,1,2021,4,8,,,,,,2021-04-08
8610367,급수공사대행업,1,2022,5,17,,,,,,2022-05-17
8610368,급수공사대행업,1,2013,6,18,,,,,,2013-06-18
8610369,급수공사대행업,1,2011,5,11,,,,,,2011-05-11
8610370,급수공사대행업,1,2013,6,18,,,,,,2013-06-18
8610371,급수공사대행업,1,1971,6,22,,,,,,1971-06-22
8610372,급수공사대행업,1,2011,6,14,,,,,,2011-06-14
8610373,급수공사대행업,1,1991,9,8,,,,,,1991-09-08
8610374,급수공사대행업,1,2008,12,26,,,,,,2008-12-26
8610375,급수공사대행업,1,2010,7,13,,,,,,2010-07-13
8610376,급수공사대행업,1,2010,12,21,,,,,,2010-12-21
8610377,급수공사대행업,1,2011,12,28,,,,,,2011-12-28
8610378,급수공사대행업,1,2011,12,28,,,,,,2011-12-28
8610379,급수공사대행업,1,2011,5,13,,,,,,2011-05-13
8610380,급수공사대행업,1,2005,11,14,,,,,,2005-11-14
8610381,급수공사대행업,1,2011,3,23,,,,,,2011-03-23
8610382,급수공사대행업,1,2005,11,14,,,,,,2005-11-14
8610383,급수공사대행업,1,2005,11,14,,,,,,2005-11-14
8610384,급수공사대행업,1,2005,11,14,,,,,,2005-11-14
8610385,급수공사대행업,1,2005,11,14,,,,,,2005-11-14
8610386,급수공사대행업,1,2019,12,23,,,,,,2019-12-23
8610387,급수공사대행업,1,2020,9,25,,,,,,2020-09-25
8610388,급수공사대행업,1,2019,7,23,,,,,,2019-07-23
8610389,급수공사대행업,1,2013,4,1,,,,,,2013-04-01
8610390,급수공사대행업,1,2017,6,21,,,,,,2017-06-21
8610391,급수공사대행업,1,2017,4,23,,,,,,2017-04-23
8610392,급수공사대행업,1,2019,4,8,,,,,,2019-04-08
8610393,급수공사대행업,1,2010,10,18,,,,,,2010-10-18
8610394,급수공사대행업,1,2017,12,27,,,,,,2017-12-27
8610395,급수공사대행업,1,2006,3,10,,,,,,2006-03-10
8610396,급수공사대행업,1,2020,3,6,,,,,,2020-03-06
8610397,급수공사대행업,1,2017,4,23,,,,,,2017-04-23
8610398,급수공사대행업,1,2018,11,21,,,,,,2018-11-21
8610399,급수공사대행업,1,2015,12,30,,,,,,2015-12-30
8610400,급수공사대행업,1,2012,1,20,,,,,,2012-01-20
8610401,급수공사대행업,1,2014,4,30,,,,,,2014-04-30
8610402,급수공사대행업,1,2011,8,17,,,,,,2011-08-17
8610403,급수공사대행업,1,2013,12,30,,,,,,2013-12-30
8610404,급수공사대행업,1,2006,6,1,,,,,,2006-06-01
8610405,급수공사대행업,1,2007,10,30,,,,,,2007-10-30
8610406,급수공사대행업,1,2015,8,24,,,,,,2015-08-24
8610407,급수공사대행업,1,2006,10,27,,,,,,2006-10-27
8610408,급수공사대행업,1,2013,4,5,,,,,,2013-04-05
8610409,급수공사대행업,1,2015,3,31,,,,,,2015-03-31
8610410,급수공사대행업,1,2015,8,24,,,,,,2015-08-24
8610411,급수공사대행업,1,2007,8,28,,,,,,2007-08-28
8610412,급수공사대행업,1,2019,1,25,,,,,,2019-01-25
8610413,급수공사대행업,1,2016,8,12,,,,,,2016-08-12
8610414,급수공사대행업,1,2017,1,31,,,,,,2017-01-31
8610415,급수공사대행업,1,2017,4,5,,,,,,2017-04-05
8610416,급수공사대행업,1,2015,1,16,,,,,,2015-01-16
8610417,급수공사대행업,1,2015,4,3,,,,,,2015-04-03
8610418,급수공사대행업,1,2013,11,25,,,,,,2013-11-25
8610419,급수공사대행업,1,2014,8,7,,,,,,2014-08-07
8610420,급수공사대행업,1,2004,12,18,,,,,,2004-12-18
8610421,급수공사대행업,1,2003,5,31,,,,,,2003-05-31
8610422,급수공사대행업,1,2008,2,1,,,,,,2008-02-01
8610423,급수공사대행업,1,2007,7,26,,,,,,2007-07-26
8610424,급수공사대행업,1,2022,2,7,,,,,,2022-02-07
8610425,급수공사대행업,1,2015,4,20,,,,,,2015-04-20
8610426,급수공사대행업,1,2016,3,15,,,,,,2016-03-15
8610427,급수공사대행업,1,2005,12,24,,,,,,2005-12-24
8610428,급수공사대행업,1,2014,4,17,,,,,,2014-04-17
8610429,급수공사대행업,1,2012,10,11,,,,,,2012-10-11
8610430,급수공사대행업,1,2010,3,25,,,,,,2010-03-25
8610431,급수공사대행업,1,2015,12,24,,,,,,2015-12-24
8610432,급수공사대행업,1,2014,2,26,,,,,,2014-02-26
8610433,급수공사대행업,1,2016,2,3,,,,,,2016-02-03
8610434,급수공사대행업,1,2011,12,16,,,,,,2011-12-16
8610435,급수공사대행업,1,2015,12,8,,,,,,2015-12-08
8610436,급수공사대행업,1,2014,12,31,,,,,,2014-12-31
8610437,급수공사대행업,1,2013,4,11,,,,,,2013-04-11
8610438,급수공사대행업,1,2015,6,1,,,,,,2015-06-01
8610439,급수공사대행업,1,2022,2,15,,,,,,2022-02-15
8610440,급수공사대행업,1,2016,2,26,,,,,,2016-02-26
8610441,급수공사대행업,1,2007,12,17,,,,,,2007-12-17
8610442,급수공사대행업,1,2008,1,20,,,,,,2008-01-20
8610443,급수공사대행업,1,2009,2,12,,,,,,2009-02-12
8610444,급수공사대행업,1,2014,5,20,,,,,,2014-05-20
8610445,급수공사대행업,1,2006,8,1,,,,,,2006-08-01
8610446,급수공사대행업,1,2008,8,11,,,,,,2008-08-11
8610447,급수공사대행업,1,2008,5,19,,,,,,2008-05-19
8610448,급수공사대행업,1,2008,5,19,,,,,,2008-05-19
8610449,급수공사대행업,1,2008,9,26,,,,,,2008-09-26
8610450,급수공사대행업,1,2008,1,22,,,,,,2008-01-22
8610451,급수공사대행업,1,2007,4,9,,,,,,2007-04-09
8610452,급수공사대행업,1,2008,11,4,,,,,,2008-11-04
8610453,급수공사대행업,1,2008,10,21,,,,,,2008-10-21
8610454,급수공사대행업,1,2008,9,22,,,,,,2008-09-22
8610455,급수공사대행업,1,2008,6,25,,,,,,2008-06-25
8610456,급수공사대행업,1,2008,3,5,,,,,,2008-03-05
8610457,급수공사대행업,1,2009,12,23,,,,,,2009-12-23
8610458,급수공사대행업,1,1995,6,23,,,,,,1995-06-23
8610459,급수공사대행업,1,1995,6,23,,,,,,1995-06-23
8610460,급수공사대행업,1,1994,4,7,,,,,,1994-04-07
8610461,급수공사대행업,1,1994,4,15,,,,,,1994-04-15
8610462,급수공사대행업,1,2005,12,12,,,,,,2005-12-12
8610463,급수공사대행업,1,2008,9,30,,,,,,2008-09-30
8610464,급수공사대행업,1,2009,2,18,,,,,,2009-02-18
8610465,급수공사대행업,1,2009,1,23,,,,,,2009-01-23
8610466,급수공사대행업,1,2009,1,23,,,,,,2009-01-23
8610467,급수공사대행업,1,2008,11,21,,,,,,2008-11-21
8610468,급수공사대행업,1,2008,11,7,,,,,,2008-11-07
8610469,급수공사대행업,1,2006,8,18,,,,,,2006-08-18
8610470,급수공사대행업,1,2006,6,7,,,,,,2006-06-07
8610471,급수공사대행업,1,2010,3,25,,,,,,2010-03-25
8610472,급수공사대행업,1,2011,6,20,,,,,,2011-06-20
8610473,급수공사대행업,1,2011,6,20,,,,,,2011-06-20
8610474,급수공사대행업,1,2011,6,20,,,,,,2011-06-20
8610475,급수공사대행업,1,2011,10,14,,,,,,2011-10-14
8610476,급수공사대행업,1,2009,6,25,,,,,,2009-06-25
8610477,급수공사대행업,1,2009,6,25,,,,,,2009-06-25
8610478,급수공사대행업,1,2009,6,25,,,,,,2009-06-25
8610479,급수공사대행업,1,2008,3,26,,,,,,2008-03-26
8610480,급수공사대행업,1,2001,11,9,,,,,,2001-11-09
8610481,급수공사대행업,1,2003,7,18,,,,,,2003-07-18
8610482,급수공사대행업,1,2001,11,9,,,,,,2001-11-09
8610483,급수공사대행업,1,2012,12,31,,,,,,2012-12-31
8610484,급수공사대행업,1,2012,12,31,,,,,,2012-12-31
8610485,급수공사대행업,1,2012,12,31,,,,,,2012-12-31
8610486,급수공사대행업,1,2010,7,8,,,,,,2010-07-08
8610487,급수공사대행업,1,2010,7,8,,,,,,2010-07-08
8610488,급수공사대행업,1,2011,6,15,,,,,,2011-06-15
8610489,급수공사대행업,1,2012,5,11,,,,,,2012-05-11
8610490,급수공사대행업,1,2010,8,13,,,,,,2010-08-13
8610491,급수공사대행업,1,2008,1,1,,,,,,2008-01-01
8610492,급수공사대행업,1,2015,6,26,,,,,,2015-06-26
8610493,급수공사대행업,1,2015,6,26,,,,,,2015-06-26
8610494,급수공사대행업,1,2003,6,19,,,,,,2003-06-19
8610495,급수공사대행업,1,2008,6,13,,,,,,2008-06-13
8610496,급수공사대행업,1,2015,6,26,,,,,,2015-06-26
8610497,급수공사대행업,1,2015,6,26,,,,,,2015-06-26
8610498,급수공사대행업,1,2015,6,26,,,,,,2015-06-26
8610499,급수공사대행업,1,2009,10,28,,,,,,2009-10-28
8610500,급수공사대행업,1,2015,6,26,,,,,,2015-06-26
8610501,급수공사대행업,1,2002,1,17,,,,,,2002-01-17
8610502,급수공사대행업,1,2000,3,17,,,,,,2000-03-17
8610503,급수공사대행업,1,2000,1,21,,,,,,2000-01-21
8610504,급수공사대행업,1,1980,3,18,,,,,,1980-03-18
8610505,급수공사대행업,1,1993,11,1,,,,,,1993-11-01
8610506,급수공사대행업,1,2010,4,27,,,,,,2010-04-27
8610507,급수공사대행업,1,2010,4,27,,,,,,2010-04-27
8610508,급수공사대행업,1,2010,4,27,,,,,,2010-04-27
8610509,급수공사대행업,1,2014,3,19,,,,,,2014-03-19
8610510,급수공사대행업,1,2014,4,15,,,,,,2014-04-15
8610511,급수공사대행업,1,2019,10,31,,,,,,2019-10-31
8610512,급수공사대행업,1,2022,4,21,,,,,,2022-04-21
8610513,급수공사대행업,1,2022,12,19,,,,,,2022-12-19
8610514,급수공사대행업,0,2015,5,13,,,,,,2015-05-13
8610515,급수공사대행업,0,2017,6,26,2022,6,20,5,2022-06-20,2017-06-26
8610516,급수공사대행업,0,2001,8,13,,,,,,2001-08-13
8610517,급수공사대행업,0,2001,8,16,,,,,,2001-08-16
8610518,급수공사대행업,0,2018,7,20,,,,,,2018-07-20
8610519,급수공사대행업,0,2013,9,3,,,,,,2013-09-03
8610520,급수공사대행업,0,2021,6,8,2022,6,20,1,2022-06-20,2021-06-08
8610521,급수공사대행업,0,2021,6,8,2022,6,20,1,2022-06-20,2021-06-08
8610522,급수공사대행업,0,2020,10,19,2022,10,27,2,2022-10-27,2020-10-19
8610523,급수공사대행업,0,2020,11,23,2021,5,27,1,2021-05-27,2020-11-23
8610524,급수공사대행업,1,2021,5,28,,,,,,2021-05-28
8610525,급수공사대행업,1,2021,3,30,,,,,,2021-03-30
8610526,급수공사대행업,1,2020,10,19,,,,,,2020-10-19
8610527,급수공사대행업,1,2021,3,31,,,,,,2021-03-31
8610528,급수공사대행업,1,2022,4,28,,,,,,2022-04-28
8610529,급수공사대행업,1,2022,6,27,,,,,,2022-06-27
8610530,급수공사대행업,0,2021,6,8,,,,,,2021-06-08
8610531,급수공사대행업,1,2020,6,19,,,,,,2020-06-19
8610532,급수공사대행업,1,2021,10,13,,,,,,2021-10-13
8610533,급수공사대행업,1,2020,7,14,,,,,,2020-07-14
8610534,급수공사대행업,1,2020,8,20,,,,,,2020-08-20
8610535,급수공사대행업,1,2021,8,20,,,,,,2021-08-20
8610536,급수공사대행업,1,2021,8,26,,,,,,2021-08-26
8610537,급수공사대행업,1,2021,5,28,,,,,,2021-05-28
8610538,급수공사대행업,1,2020,5,8,,,,,,2020-05-08
8610539,급수공사대행업,1,2018,7,3,,,,,,2018-07-03
8610540,급수공사대행업,1,2021,8,26,,,,,,2021-08-26
8610541,급수공사대행업,1,2021,10,13,,,,,,2021-10-13
8610542,급수공사대행업,1,2012,7,6,,,,,,2012-07-06
8610543,급수공사대행업,1,2020,8,3,,,,,,2020-08-03
8610544,급수공사대행업,1,2020,8,26,,,,,,2020-08-26
8610545,급수공사대행업,1,2022,1,27,,,,,,2022-01-27
8610546,급수공사대행업,1,2009,4,8,,,,,,2009-04-08
8610547,급수공사대행업,1,2018,3,23,,,,,,2018-03-23
8610548,급수공사대행업,1,2020,5,26,,,,,,2020-05-26
8610549,급수공사대행업,1,2017,4,3,,,,,,2017-04-03
8610550,급수공사대행업,1,2015,10,22,,,,,,2015-10-22
8610551,급수공사대행업,1,2011,3,15,,,,,,2011-03-15
8610552,급수공사대행업,1,2021,3,8,,,,,,2021-03-08
8610553,급수공사대행업,1,2021,8,20,,,,,,2021-08-20
8610554,급수공사대행업,1,2020,5,11,,,,,,2020-05-11
8610555,급수공사대행업,1,2020,5,25,,,,,,2020-05-25
8610556,급수공사대행업,1,2013,3,19,,,,,,2013-03-19
8610557,급수공사대행업,1,2015,6,24,,,,,,2015-06-24
8610558,급수공사대행업,1,2015,4,18,,,,,,2015-04-18
8610559,급수공사대행업,1,2022,4,12,,,,,,2022-04-12
8610560,급수공사대행업,0,2019,10,28,2021,6,7,2,2021-06-07,2019-10-28
8610561,급수공사대행업,1,2020,11,5,,,,,,2020-11-05
8610562,급수공사대행업,1,2022,8,16,,,,,,2022-08-16
8610563,급수공사대행업,1,2018,11,30,,,,,,2018-11-30
8610564,급수공사대행업,1,2015,11,2,,,,,,2015-11-02
8610565,급수공사대행업,1,2021,1,25,,,,,,2021-01-25
8610566,급수공사대행업,1,2016,8,12,,,,,,2016-08-12
8610567,급수공사대행업,1,2017,11,2,,,,,,2017-11-02
8610568,급수공사대행업,1,2018,12,10,,,,,,2018-12-10
8610569,급수공사대행업,1,2017,3,1,,,,,,2017-03-01
8610570,급수공사대행업,1,2008,9,4,,,,,,2008-09-04
8610571,급수공사대행업,1,2017,3,1,,,,,,2017-03-01
8610572,급수공사대행업,1,2017,3,1,,,,,,2017-03-01
8610573,급수공사대행업,1,2017,3,1,,,,,,2017-03-01
8610574,급수공사대행업,1,2017,3,1,,,,,,2017-03-01
8610575,급수공사대행업,1,2017,3,1,,,,,,2017-03-01
8610576,급수공사대행업,1,2017,3,1,,,,,,2017-03-01
8610577,급수공사대행업,1,2017,3,1,,,,,,2017-03-01
8610578,급수공사대행업,1,2008,2,27,,,,,,2008-02-27
8610579,급수공사대행업,1,2008,2,27,,,,,,2008-02-27
8610580,급수공사대행업,1,2009,1,14,,,,,,2009-01-14
8610581,급수공사대행업,1,2008,2,27,,,,,,2008-02-27
8610582,급수공사대행업,1,2008,2,27,,,,,,2008-02-27
8610583,급수공사대행업,1,2008,2,27,,,,,,2008-02-27
8610584,급수공사대행업,1,2008,2,27,,,,,,2008-02-27
8610585,급수공사대행업,1,2011,7,11,,,,,,2011-07-11
8610586,급수공사대행업,1,2010,12,17,,,,,,2010-12-17
8610587,급수공사대행업,1,2011,2,21,,,,,,2011-02-21
8610588,급수공사대행업,1,2010,1,13,,,,,,2010-01-13
8610589,급수공사대행업,1,2009,4,7,,,,,,2009-04-07
8610590,급수공사대행업,1,2008,11,10,,,,,,2008-11-10
8610591,급수공사대행업,1,2008,9,25,,,,,,2008-09-25
8610592,급수공사대행업,1,2012,2,12,,,,,,2012-02-12
8610593,급수공사대행업,1,2013,9,16,,,,,,2013-09-16
8610594,급수공사대행업,1,2013,4,17,,,,,,2013-04-17
8610595,급수공사대행업,1,2012,8,29,,,,,,2012-08-29
8610596,급수공사대행업,1,2005,10,21,,,,,,2005-10-21
8610597,급수공사대행업,1,2004,6,10,,,,,,2004-06-10
8610598,급수공사대행업,1,2004,6,10,,,,,,2004-06-10
8610599,급수공사대행업,1,2004,6,23,,,,,,2004-06-23
8610600,급수공사대행업,1,2004,6,23,,,,,,2004-06-23
8610601,급수공사대행업,1,2004,9,25,,,,,,2004-09-25
8610602,급수공사대행업,1,2002,10,29,,,,,,2002-10-29
8610603,급수공사대행업,1,2004,5,24,,,,,,2004-05-24
8610604,급수공사대행업,1,2009,6,17,,,,,,2009-06-17
8610605,급수공사대행업,1,2009,6,17,,,,,,2009-06-17
8610606,급수공사대행업,1,2004,5,24,,,,,,2004-05-24
8610607,급수공사대행업,1,2009,6,17,,,,,,2009-06-17
8610608,급수공사대행업,1,2009,6,17,,,,,,2009-06-17
8610609,급수공사대행업,1,2009,10,20,,,,,,2009-10-20
8610610,급수공사대행업,1,2009,6,17,,,,,,2009-06-17
8610611,급수공사대행업,1,2004,5,24,,,,,,2004-05-24
8610612,급수공사대행업,1,2004,5,24,,,,,,2004-05-24
8610613,급수공사대행업,1,2005,1,31,,,,,,2005-01-31
8610614,급수공사대행업,1,2005,1,31,,,,,,2005-01-31
8610615,급수공사대행업,1,2010,9,16,,,,,,2010-09-16
8610616,급수공사대행업,1,2011,8,19,,,,,,2011-08-19
8610617,급수공사대행업,1,2010,9,24,,,,,,2010-09-24
8610618,급수공사대행업,1,2021,11,3,,,,,,2021-11-03
8610619,급수공사대행업,1,2021,11,3,,,,,,2021-11-03
8610620,급수공사대행업,1,2021,11,3,,,,,,2021-11-03
8610621,급수공사대행업,1,2021,11,3,,,,,,2021-11-03
8610622,급수공사대행업,1,2021,11,3,,,,,,2021-11-03
8610623,급수공사대행업,1,2011,10,31,,,,,,2011-10-31
8610624,급수공사대행업,1,2002,11,30,,,,,,2002-11-30
8610625,급수공사대행업,1,2021,11,8,,,,,,2021-11-08
8610626,급수공사대행업,1,2003,2,14,,,,,,2003-02-14
8610627,급수공사대행업,1,2016,11,9,,,,,,2016-11-09
8610628,급수공사대행업,1,2017,4,3,,,,,,2017-04-03
8610629,급수공사대행업,1,2013,1,31,,,,,,2013-01-31
8610630,급수공사대행업,1,2008,7,31,,,,,,2008-07-31
8610631,급수공사대행업,1,2008,7,31,,,,,,2008-07-31
8610632,급수공사대행업,1,2008,7,31,,,,,,2008-07-31
8610633,급수공사대행업,1,2006,11,28,,,,,,2006-11-28
8610634,급수공사대행업,1,2017,1,1,,,,,,2017-01-01
8610635,급수공사대행업,1,2004,12,13,,,,,,2004-12-13
8610636,급수공사대행업,1,2017,1,1,,,,,,2017-01-01
8610637,급수공사대행업,1,2017,1,1,,,,,,2017-01-01
8610638,급수공사대행업,1,2017,1,1,,,,,,2017-01-01
8610639,급수공사대행업,1,2004,12,9,,,,,,2004-12-09
8610640,급수공사대행업,1,2004,12,13,,,,,,2004-12-13
8610641,급수공사대행업,1,2004,12,13,,,,,,2004-12-13
8610642,급수공사대행업,1,2004,12,13,,,,,,2004-12-13
8610643,급수공사대행업,1,2004,12,13,,,,,,2004-12-13
8610644,급수공사대행업,1,2017,1,1,,,,,,2017-01-01
8610645,급수공사대행업,1,2004,12,13,,,,,,2004-12-13
8610646,급수공사대행업,1,2004,12,13,,,,,,2004-12-13
8610647,급수공사대행업,1,2004,12,13,,,,,,2004-12-13
8610648,급수공사대행업,1,2004,12,13,,,,,,2004-12-13
8610649,급수공사대행업,1,2004,12,13,,,,,,2004-12-13
8610650,급수공사대행업,1,2017,1,1,,,,,,2017-01-01
8610651,급수공사대행업,1,2020,12,28,,,,,,2020-12-28
8610652,급수공사대행업,1,2020,12,28,,,,,,2020-12-28
8610653,급수공사대행업,1,2020,12,28,,,,,,2020-12-28
8610654,급수공사대행업,1,2020,12,28,,,,,,2020-12-28
8610655,급수공사대행업,1,2020,12,28,,,,,,2020-12-28
8610656,급수공사대행업,1,2020,12,28,,,,,,2020-12-28
8610657,급수공사대행업,1,2020,12,28,,,,,,2020-12-28
8610658,급수공사대행업,1,2020,12,28,,,,,,2020-12-28
8610659,급수공사대행업,1,2020,12,28,,,,,,2020-12-28
8610660,급수공사대행업,1,2020,12,28,,,,,,2020-12-28
8610661,급수공사대행업,1,2020,12,28,,,,,,2020-12-28
8610662,급수공사대행업,1,2020,12,28,,,,,,2020-12-28
8610663,급수공사대행업,1,2020,12,28,,,,,,2020-12-28
8610664,급수공사대행업,1,2020,12,28,,,,,,2020-12-28
8610665,급수공사대행업,1,2020,12,28,,,,,,2020-12-28
8610666,급수공사대행업,1,2020,12,28,,,,,,2020-12-28
8610667,급수공사대행업,1,2018,12,21,,,,,,2018-12-21
8610668,급수공사대행업,1,2018,12,21,,,,,,2018-12-21
8610669,급수공사대행업,1,2018,12,21,,,,,,2018-12-21
8610670,급수공사대행업,1,2018,12,21,,,,,,2018-12-21
8610671,급수공사대행업,1,2018,12,21,,,,,,2018-12-21
8610672,급수공사대행업,1,2018,12,21,,,,,,2018-12-21
8610673,급수공사대행업,1,2018,12,21,,,,,,2018-12-21
8610674,급수공사대행업,1,2018,12,21,,,,,,2018-12-21
8610675,급수공사대행업,1,2018,12,21,,,,,,2018-12-21
8610676,급수공사대행업,1,2018,12,21,,,,,,2018-12-21
8610677,급수공사대행업,1,2018,12,21,,,,,,2018-12-21
8610678,급수공사대행업,1,2018,12,21,,,,,,2018-12-21
8610679,급수공사대행업,1,2018,12,21,,,,,,2018-12-21
8610680,급수공사대행업,1,2018,12,10,,,,,,2018-12-10
8610681,급수공사대행업,1,2018,12,21,,,,,,2018-12-21
8610682,급수공사대행업,1,1999,11,24,,,,,,1999-11-24
8610683,급수공사대행업,1,2003,11,12,,,,,,2003-11-12
8610684,급수공사대행업,1,2017,11,7,,,,,,2017-11-07
8610685,급수공사대행업,1,2015,3,30,,,,,,2015-03-30
8610686,급수공사대행업,1,2017,11,7,,,,,,2017-11-07
8610687,급수공사대행업,1,2013,11,19,,,,,,2013-11-19
8610688,급수공사대행업,1,2014,1,29,,,,,,2014-01-29
8610689,급수공사대행업,1,2002,4,23,,,,,,2002-04-23
8610690,급수공사대행업,1,2003,11,20,,,,,,2003-11-20
8610691,급수공사대행업,1,2012,4,6,,,,,,2012-04-06
8610692,급수공사대행업,1,2020,3,31,,,,,,2020-03-31
8610693,급수공사대행업,1,2018,11,28,,,,,,2018-11-28
8610694,급수공사대행업,1,2022,11,16,,,,,,2022-11-16
8610695,급수공사대행업,1,2018,3,28,,,,,,2018-03-28
8610696,급수공사대행업,1,2016,12,1,,,,,,2016-12-01
8610697,급수공사대행업,1,2016,4,1,,,,,,2016-04-01
8610698,급수공사대행업,1,2012,9,13,,,,,,2012-09-13
8610699,급수공사대행업,1,2012,9,27,,,,,,2012-09-27
8610700,급수공사대행업,1,2004,8,12,,,,,,2004-08-12
8610701,급수공사대행업,1,2005,8,17,,,,,,2005-08-17
8610702,급수공사대행업,1,2014,1,15,,,,,,2014-01-15
8610703,급수공사대행업,1,2013,9,16,,,,,,2013-09-16
8610704,급수공사대행업,1,2014,1,15,,,,,,2014-01-15
8610705,급수공사대행업,1,2007,10,25,,,,,,2007-10-25
8610706,급수공사대행업,1,2009,2,26,,,,,,2009-02-26
8610707,급수공사대행업,1,2009,2,26,,,,,,2009-02-26
8610708,급수공사대행업,1,2010,8,19,,,,,,2010-08-19
8610709,급수공사대행업,1,2010,8,19,,,,,,2010-08-19
8610710,급수공사대행업,1,2010,6,16,,,,,,2010-06-16
8610711,급수공사대행업,1,2010,8,19,,,,,,2010-08-19
