,개방서비스명,영업상태(0=폐업),open_year,open_month,open_day,close_year,close_month,close_day,존속년도,폐업시기,개업시기
6395605,다단계판매업체,1,2018,2,26,,,,,,2018-02-26
6395606,다단계판매업체,1,2015,2,9,,,,,,2015-02-09
6395607,다단계판매업체,1,2007,2,28,,,,,,2007-02-28
6395608,다단계판매업체,1,2007,3,23,,,,,,2007-03-23
6395609,다단계판매업체,1,2006,6,29,,,,,,2006-06-29
6395610,다단계판매업체,1,2008,11,12,,,,,,2008-11-12
6395611,다단계판매업체,1,2003,9,26,,,,,,2003-09-26
6395612,다단계판매업체,1,2010,11,3,,,,,,2010-11-03
6395613,다단계판매업체,1,2009,12,3,,,,,,2009-12-03
6395614,다단계판매업체,1,2012,8,10,,,,,,2012-08-10
6395615,다단계판매업체,1,2010,12,17,,,,,,2010-12-17
6395616,다단계판매업체,1,2011,11,9,,,,,,2011-11-09
6395617,다단계판매업체,1,2015,3,18,,,,,,2015-03-18
6395618,다단계판매업체,1,2009,6,12,,,,,,2009-06-12
6395619,다단계판매업체,1,2009,8,21,,,,,,2009-08-21
6395620,다단계판매업체,1,2011,11,18,,,,,,2011-11-18
6395621,다단계판매업체,1,2012,6,22,,,,,,2012-06-22
6395622,다단계판매업체,1,2010,3,15,,,,,,2010-03-15
6395623,다단계판매업체,1,2013,4,16,,,,,,2013-04-16
6395624,다단계판매업체,1,2001,10,24,,,,,,2001-10-24
6395625,다단계판매업체,1,2013,4,25,,,,,,2013-04-25
6395626,다단계판매업체,1,2007,3,7,,,,,,2007-03-07
6395627,다단계판매업체,1,2007,5,29,,,,,,2007-05-29
6395628,다단계판매업체,1,1995,9,4,,,,,,1995-09-04
6395629,다단계판매업체,1,2009,8,5,,,,,,2009-08-05
6395630,다단계판매업체,1,2009,11,17,,,,,,2009-11-17
6395631,다단계판매업체,1,2010,2,11,,,,,,2010-02-11
6395632,다단계판매업체,1,2010,2,18,,,,,,2010-02-18
6395633,다단계판매업체,1,2010,5,11,,,,,,2010-05-11
6395634,다단계판매업체,1,2010,6,7,,,,,,2010-06-07
6395635,다단계판매업체,1,2004,7,22,,,,,,2004-07-22
6395636,다단계판매업체,1,2004,8,17,,,,,,2004-08-17
6395637,다단계판매업체,1,2004,8,30,,,,,,2004-08-30
6395638,다단계판매업체,1,2009,2,20,,,,,,2009-02-20
6395639,다단계판매업체,1,2013,3,5,,,,,,2013-03-05
6395640,다단계판매업체,1,2013,3,25,,,,,,2013-03-25
6395641,다단계판매업체,1,2005,11,23,,,,,,2005-11-23
6395642,다단계판매업체,1,2005,12,22,,,,,,2005-12-22
6395643,다단계판매업체,1,2008,7,1,,,,,,2008-07-01
6395644,다단계판매업체,1,2009,5,25,,,,,,2009-05-25
6395645,다단계판매업체,1,2010,1,29,,,,,,2010-01-29
6395646,다단계판매업체,1,2022,10,12,,,,,,2022-10-12
6395647,다단계판매업체,1,2021,4,12,,,,,,2021-04-12
6395648,다단계판매업체,1,2021,2,26,,,,,,2021-02-26
6395649,다단계판매업체,1,2021,2,1,,,,,,2021-02-01
6395650,다단계판매업체,1,2021,4,16,,,,,,2021-04-16
6395651,다단계판매업체,1,2021,4,15,,,,,,2021-04-15
6395652,다단계판매업체,1,1996,3,15,,,,,,1996-03-15
6395653,다단계판매업체,1,1997,4,23,,,,,,1997-04-23
6395654,다단계판매업체,1,2021,1,25,,,,,,2021-01-25
6395655,다단계판매업체,1,2004,7,22,,,,,,2004-07-22
6395656,다단계판매업체,1,2019,3,25,,,,,,2019-03-25
6395657,다단계판매업체,1,2015,12,10,,,,,,2015-12-10
6395658,다단계판매업체,1,2016,1,4,,,,,,2016-01-04
6395659,다단계판매업체,1,2015,3,20,,,,,,2015-03-20
6395660,다단계판매업체,1,2016,1,4,,,,,,2016-01-04
6395661,다단계판매업체,1,2015,6,30,,,,,,2015-06-30
6395662,다단계판매업체,1,2015,8,10,,,,,,2015-08-10
6395663,다단계판매업체,1,2012,8,22,,,,,,2012-08-22
6395664,다단계판매업체,1,2016,9,21,,,,,,2016-09-21
6395665,다단계판매업체,1,2016,12,23,,,,,,2016-12-23
6395666,다단계판매업체,1,2017,2,20,,,,,,2017-02-20
6395667,다단계판매업체,1,2017,3,8,,,,,,2017-03-08
6395668,다단계판매업체,1,2015,9,24,,,,,,2015-09-24
6395669,다단계판매업체,1,1995,7,20,,,,,,1995-07-20
6395670,다단계판매업체,1,2015,10,16,,,,,,2015-10-16
6395671,다단계판매업체,1,2018,3,30,,,,,,2018-03-30
6395672,다단계판매업체,1,2018,7,9,,,,,,2018-07-09
6395673,다단계판매업체,1,2003,8,22,,,,,,2003-08-22
6395674,다단계판매업체,1,2014,1,3,,,,,,2014-01-03
6395675,다단계판매업체,1,2003,1,10,,,,,,2003-01-10
6395676,다단계판매업체,1,2008,2,25,,,,,,2008-02-25
6395677,다단계판매업체,1,1996,7,18,,,,,,1996-07-18
6395678,다단계판매업체,1,2012,6,27,,,,,,2012-06-27
6395679,다단계판매업체,1,2002,1,23,,,,,,2002-01-23
6395680,다단계판매업체,1,1997,8,21,,,,,,1997-08-21
6395681,다단계판매업체,1,2003,5,27,,,,,,2003-05-27
6395682,다단계판매업체,1,1998,12,24,,,,,,1998-12-24
6395683,다단계판매업체,1,2014,6,11,,,,,,2014-06-11
6395684,다단계판매업체,1,2014,12,16,,,,,,2014-12-16
6395685,다단계판매업체,1,2011,3,18,,,,,,2011-03-18
6395686,다단계판매업체,1,2012,8,6,,,,,,2012-08-06
6395687,다단계판매업체,1,2014,9,30,,,,,,2014-09-30
6395688,다단계판매업체,1,2014,11,10,,,,,,2014-11-10
6395689,다단계판매업체,1,2014,11,19,,,,,,2014-11-19
6395690,다단계판매업체,1,1996,7,16,,,,,,1996-07-16
6395691,다단계판매업체,1,2011,8,30,,,,,,2011-08-30
6395692,다단계판매업체,1,2007,2,6,,,,,,2007-02-06
6395693,다단계판매업체,1,2008,4,21,,,,,,2008-04-21
6395694,다단계판매업체,1,2008,12,15,,,,,,2008-12-15
6395695,다단계판매업체,1,2009,2,13,,,,,,2009-02-13
6395696,다단계판매업체,1,1995,12,14,,,,,,1995-12-14
6395697,다단계판매업체,1,2013,8,16,,,,,,2013-08-16
6395698,다단계판매업체,1,2010,10,11,,,,,,2010-10-11
6395699,다단계판매업체,1,2002,6,17,,,,,,2002-06-17
6395700,다단계판매업체,1,2002,7,3,,,,,,2002-07-03
6395701,다단계판매업체,1,2010,11,30,,,,,,2010-11-30
6395702,다단계판매업체,1,2012,7,12,,,,,,2012-07-12
6395703,다단계판매업체,1,2012,10,8,,,,,,2012-10-08
6395704,다단계판매업체,1,2013,9,26,,,,,,2013-09-26
6395705,다단계판매업체,1,2013,9,25,,,,,,2013-09-25
6395706,다단계판매업체,1,2013,10,2,,,,,,2013-10-02
6395707,다단계판매업체,1,2013,11,8,,,,,,2013-11-08
6395708,다단계판매업체,1,2010,5,14,,,,,,2010-05-14
6395709,다단계판매업체,1,2003,5,23,,,,,,2003-05-23
6395710,다단계판매업체,1,1995,7,25,,,,,,1995-07-25
6395711,다단계판매업체,1,2000,1,7,,,,,,2000-01-07
6395712,다단계판매업체,1,1997,2,12,,,,,,1997-02-12
6395713,다단계판매업체,1,1995,9,20,,,,,,1995-09-20
6395714,다단계판매업체,1,2001,8,18,,,,,,2001-08-18
6395715,다단계판매업체,1,2013,9,12,,,,,,2013-09-12
6395716,다단계판매업체,1,2007,7,11,,,,,,2007-07-11
6395717,다단계판매업체,0,2019,4,29,2021,4,20,2,2021-04-20,2019-04-29
6395718,다단계판매업체,0,2022,4,12,2022,8,18,0,2022-08-18,2022-04-12
6395719,다단계판매업체,0,2015,11,16,,,,,,2015-11-16
6395720,다단계판매업체,0,2015,2,3,2019,3,8,4,2019-03-08,2015-02-03
6395721,다단계판매업체,0,2015,2,25,,,,,,2015-02-25
6395722,다단계판매업체,0,2015,4,7,2021,12,6,6,2021-12-06,2015-04-07
6395723,다단계판매업체,0,2015,4,27,,,,,,2015-04-27
6395724,다단계판매업체,0,2016,1,4,2019,11,14,3,2019-11-14,2016-01-04
6395725,다단계판매업체,0,2016,1,6,,,,,,2016-01-06
6395726,다단계판매업체,0,2016,2,15,2018,4,26,2,2018-04-26,2016-02-15
6395727,다단계판매업체,0,2016,3,4,2018,10,30,2,2018-10-30,2016-03-04
6395728,다단계판매업체,0,2007,9,18,,,,,,2007-09-18
6395729,다단계판매업체,0,2016,4,4,2022,8,31,6,2022-08-31,2016-04-04
6395730,다단계판매업체,0,2016,4,4,,,,,,2016-04-04
6395731,다단계판매업체,0,2016,5,18,2017,8,4,1,2017-08-04,2016-05-18
6395732,다단계판매업체,0,2015,7,29,,,,,,2015-07-29
6395733,다단계판매업체,0,2015,8,5,2018,5,1,3,2018-05-01,2015-08-05
6395734,다단계판매업체,0,2015,8,20,,,,,,2015-08-20
6395735,다단계판매업체,0,2015,6,16,2018,3,31,3,2018-03-31,2015-06-16
6395736,다단계판매업체,0,2015,8,31,,,,,,2015-08-31
6395737,다단계판매업체,0,2016,6,20,2022,5,5,6,2022-05-05,2016-06-20
6395738,다단계판매업체,0,2016,7,20,2018,10,31,2,2018-10-31,2016-07-20
6395739,다단계판매업체,0,2016,8,31,,,,,,2016-08-31
6395740,다단계판매업체,0,2016,10,5,2018,10,30,2,2018-10-30,2016-10-05
6395741,다단계판매업체,0,2016,11,17,2020,10,30,4,2020-10-30,2016-11-17
6395742,다단계판매업체,0,2017,1,2,2019,4,16,2,2019-04-16,2017-01-02
6395743,다단계판매업체,0,2010,2,26,2020,11,5,10,2020-11-05,2010-02-26
6395744,다단계판매업체,0,2017,4,10,2019,9,24,2,2019-09-24,2017-04-10
6395745,다단계판매업체,0,2017,4,10,2021,11,1,4,2021-11-01,2017-04-10
6395746,다단계판매업체,0,2017,4,17,2018,6,1,1,2018-06-01,2017-04-17
6395747,다단계판매업체,0,1995,8,4,,,,,,1995-08-04
6395748,다단계판매업체,0,1995,8,5,,,,,,1995-08-05
6395749,다단계판매업체,0,2002,4,25,,,,,,2002-04-25
6395750,다단계판매업체,0,2017,3,20,2021,8,27,4,2021-08-27,2017-03-20
6395751,다단계판매업체,0,1995,8,5,,,,,,1995-08-05
6395752,다단계판매업체,0,2001,2,14,,,,,,2001-02-14
6395753,다단계판매업체,0,2001,6,8,,,,,,2001-06-08
6395754,다단계판매업체,0,1997,5,7,,,,,,1997-05-07
6395755,다단계판매업체,0,2017,9,7,2018,6,18,1,2018-06-18,2017-09-07
6395756,다단계판매업체,0,2002,5,25,,,,,,2002-05-25
6395757,다단계판매업체,0,2006,8,18,,,,,,2006-08-18
6395758,다단계판매업체,0,2006,10,25,,,,,,2006-10-25
6395759,다단계판매업체,0,2015,9,7,2018,3,7,3,2018-03-07,2015-09-07
6395760,다단계판매업체,0,1996,8,26,,,,,,1996-08-26
6395761,다단계판매업체,0,2017,11,29,2019,9,30,2,2019-09-30,2017-11-29
6395762,다단계판매업체,0,2002,6,10,,,,,,2002-06-10
6395763,다단계판매업체,0,2002,6,19,,,,,,2002-06-19
6395764,다단계판매업체,0,2002,6,27,,,,,,2002-06-27
6395765,다단계판매업체,0,1996,12,16,,,,,,1996-12-16
6395766,다단계판매업체,0,1996,12,17,,,,,,1996-12-17
6395767,다단계판매업체,0,1997,2,6,,,,,,1997-02-06
6395768,다단계판매업체,0,2015,9,10,,,,,,2015-09-10
6395769,다단계판매업체,0,2002,3,22,,,,,,2002-03-22
6395770,다단계판매업체,0,2017,12,14,2019,5,10,2,2019-05-10,2017-12-14
6395771,다단계판매업체,0,2018,2,2,2021,11,8,3,2021-11-08,2018-02-02
6395772,다단계판매업체,0,2018,2,26,2018,11,15,0,2018-11-15,2018-02-26
6395773,다단계판매업체,0,2018,3,16,2021,7,1,3,2021-07-01,2018-03-16
6395774,다단계판매업체,0,2002,7,13,,,,,,2002-07-13
6395775,다단계판매업체,0,2002,7,19,,,,,,2002-07-19
6395776,다단계판매업체,0,2002,7,19,,,,,,2002-07-19
6395777,다단계판매업체,0,2007,9,4,,,,,,2007-09-04
6395778,다단계판매업체,0,2007,10,29,2011,12,7,4,2011-12-07,2007-10-29
6395779,다단계판매업체,0,2008,5,7,2017,10,10,9,2017-10-10,2008-05-07
6395780,다단계판매업체,0,2009,2,5,2017,10,10,8,2017-10-10,2009-02-05
6395781,다단계판매업체,0,2002,5,24,,,,,,2002-05-24
6395782,다단계판매업체,0,2002,7,19,,,,,,2002-07-19
6395783,다단계판매업체,0,2003,1,29,,,,,,2003-01-29
6395784,다단계판매업체,0,2003,1,29,,,,,,2003-01-29
6395785,다단계판매업체,0,2003,7,1,,,,,,2003-07-01
6395786,다단계판매업체,0,2003,12,30,,,,,,2003-12-30
6395787,다단계판매업체,0,2004,4,22,,,,,,2004-04-22
6395788,다단계판매업체,0,2004,12,3,,,,,,2004-12-03
6395789,다단계판매업체,0,2018,5,2,2019,7,29,1,2019-07-29,2018-05-02
6395790,다단계판매업체,0,2018,4,20,2022,2,23,4,2022-02-23,2018-04-20
6395791,다단계판매업체,0,2018,4,20,2020,8,14,2,2020-08-14,2018-04-20
6395792,다단계판매업체,0,2018,6,25,2020,12,17,2,2020-12-17,2018-06-25
6395793,다단계판매업체,0,2018,8,16,2022,1,25,4,2022-01-25,2018-08-16
6395794,다단계판매업체,0,2006,12,15,,,,,,2006-12-15
6395795,다단계판매업체,0,2003,8,13,,,,,,2003-08-13
6395796,다단계판매업체,0,2004,11,26,,,,,,2004-11-26
6395797,다단계판매업체,0,2003,3,20,,,,,,2003-03-20
6395798,다단계판매업체,0,2002,5,25,,,,,,2002-05-25
6395799,다단계판매업체,0,2009,5,25,,,,,,2009-05-25
6395800,다단계판매업체,0,2009,11,17,,,,,,2009-11-17
6395801,다단계판매업체,0,2009,12,9,,,,,,2009-12-09
6395802,다단계판매업체,0,2010,2,9,,,,,,2010-02-09
6395803,다단계판매업체,0,2014,1,13,2021,3,15,7,2021-03-15,2014-01-13
6395804,다단계판매업체,0,2005,4,22,,,,,,2005-04-22
6395805,다단계판매업체,0,2014,1,14,,,,,,2014-01-14
6395806,다단계판매업체,0,2014,1,14,,,,,,2014-01-14
6395807,다단계판매업체,0,2014,2,7,2019,5,17,5,2019-05-17,2014-02-07
6395808,다단계판매업체,0,2006,4,10,,,,,,2006-04-10
6395809,다단계판매업체,0,2011,11,9,2018,5,31,7,2018-05-31,2011-11-09
6395810,다단계판매업체,0,2014,2,24,,,,,,2014-02-24
6395811,다단계판매업체,0,2014,3,19,2021,5,21,7,2021-05-21,2014-03-19
6395812,다단계판매업체,0,2014,4,3,,,,,,2014-04-03
6395813,다단계판매업체,0,2012,8,14,2019,8,31,7,2019-08-31,2012-08-14
6395814,다단계판매업체,0,2014,6,18,2019,8,1,5,2019-08-01,2014-06-18
6395815,다단계판매업체,0,2014,11,26,,,,,,2014-11-26
6395816,다단계판매업체,0,2014,12,16,2021,12,2,7,2021-12-02,2014-12-16
6395817,다단계판매업체,0,2005,9,14,,,,,,2005-09-14
6395818,다단계판매업체,0,2005,9,1,,,,,,2005-09-01
6395819,다단계판매업체,0,2004,12,6,,,,,,2004-12-06
6395820,다단계판매업체,0,2005,1,10,,,,,,2005-01-10
6395821,다단계판매업체,0,2006,2,10,,,,,,2006-02-10
6395822,다단계판매업체,0,2009,9,18,,,,,,2009-09-18
6395823,다단계판매업체,0,2014,8,28,,,,,,2014-08-28
6395824,다단계판매업체,0,2014,9,17,2019,11,25,5,2019-11-25,2014-09-17
6395825,다단계판매업체,0,2014,10,23,,,,,,2014-10-23
6395826,다단계판매업체,0,2014,11,7,,,,,,2014-11-07
6395827,다단계판매업체,0,2014,11,10,,,,,,2014-11-10
6395828,다단계판매업체,0,2000,10,10,,,,,,2000-10-10
6395829,다단계판매업체,0,2010,8,24,,,,,,2010-08-24
6395830,다단계판매업체,0,2006,2,1,,,,,,2006-02-01
6395831,다단계판매업체,0,1995,7,22,,,,,,1995-07-22
6395832,다단계판매업체,0,2017,2,23,2017,12,11,0,2017-12-11,2017-02-23
6395833,다단계판매업체,0,2015,3,19,,,,,,2015-03-19
6395834,다단계판매업체,0,2001,8,6,,,,,,2001-08-06
6395835,다단계판매업체,0,1999,7,19,,,,,,1999-07-19
6395836,다단계판매업체,0,2019,11,15,2021,9,24,2,2021-09-24,2019-11-15
6395837,다단계판매업체,0,2001,1,15,,,,,,2001-01-15
6395838,다단계판매업체,0,2001,4,19,,,,,,2001-04-19
6395839,다단계판매업체,0,2001,7,3,,,,,,2001-07-03
6395840,다단계판매업체,0,1999,1,14,,,,,,1999-01-14
6395841,다단계판매업체,0,1999,3,3,,,,,,1999-03-03
6395842,다단계판매업체,0,1999,6,2,,,,,,1999-06-02
6395843,다단계판매업체,0,1999,8,24,,,,,,1999-08-24
6395844,다단계판매업체,0,2002,3,18,,,,,,2002-03-18
6395845,다단계판매업체,0,1999,5,6,,,,,,1999-05-06
6395846,다단계판매업체,0,2002,3,28,,,,,,2002-03-28
6395847,다단계판매업체,0,2002,4,17,,,,,,2002-04-17
6395848,다단계판매업체,0,2002,1,17,,,,,,2002-01-17
6395849,다단계판매업체,0,2002,2,2,,,,,,2002-02-02
6395850,다단계판매업체,0,1997,2,12,,,,,,1997-02-12
6395851,다단계판매업체,0,1997,2,28,,,,,,1997-02-28
6395852,다단계판매업체,0,1997,4,1,,,,,,1997-04-01
6395853,다단계판매업체,0,1997,4,10,,,,,,1997-04-10
6395854,다단계판매업체,0,1997,4,12,,,,,,1997-04-12
6395855,다단계판매업체,0,1997,5,16,,,,,,1997-05-16
6395856,다단계판매업체,0,1997,5,30,,,,,,1997-05-30
6395857,다단계판매업체,0,1997,6,9,,,,,,1997-06-09
6395858,다단계판매업체,0,1997,8,28,,,,,,1997-08-28
6395859,다단계판매업체,0,1997,9,25,,,,,,1997-09-25
6395860,다단계판매업체,0,1997,12,15,,,,,,1997-12-15
6395861,다단계판매업체,0,1998,2,17,,,,,,1998-02-17
6395862,다단계판매업체,0,1998,3,17,,,,,,1998-03-17
6395863,다단계판매업체,0,1998,6,10,,,,,,1998-06-10
6395864,다단계판매업체,0,2002,2,27,,,,,,2002-02-27
6395865,다단계판매업체,0,2002,2,28,,,,,,2002-02-28
6395866,다단계판매업체,0,1998,7,15,,,,,,1998-07-15
6395867,다단계판매업체,0,1996,12,30,,,,,,1996-12-30
6395868,다단계판매업체,0,1998,9,10,,,,,,1998-09-10
6395869,다단계판매업체,0,1998,11,2,,,,,,1998-11-02
6395870,다단계판매업체,0,1998,12,15,,,,,,1998-12-15
6395871,다단계판매업체,0,1999,12,20,,,,,,1999-12-20
6395872,다단계판매업체,0,2000,2,16,,,,,,2000-02-16
6395873,다단계판매업체,0,2001,8,13,,,,,,2001-08-13
6395874,다단계판매업체,0,2001,11,15,,,,,,2001-11-15
6395875,다단계판매업체,0,2001,12,3,,,,,,2001-12-03
6395876,다단계판매업체,0,1997,8,18,,,,,,1997-08-18
6395877,다단계판매업체,0,1998,2,9,,,,,,1998-02-09
6395878,다단계판매업체,0,1998,9,7,,,,,,1998-09-07
6395879,다단계판매업체,0,1999,4,27,,,,,,1999-04-27
6395880,다단계판매업체,0,1997,4,12,,,,,,1997-04-12
6395881,다단계판매업체,0,1995,7,27,,,,,,1995-07-27
6395882,다단계판매업체,0,1995,9,11,,,,,,1995-09-11
6395883,다단계판매업체,0,2020,1,16,2022,6,3,2,2022-06-03,2020-01-16
6395884,다단계판매업체,0,2001,12,3,,,,,,2001-12-03
6395885,다단계판매업체,0,2001,10,22,,,,,,2001-10-22
6395886,다단계판매업체,0,2001,11,6,,,,,,2001-11-06
6395887,다단계판매업체,0,2013,4,29,2018,1,26,5,2018-01-26,2013-04-29
6395888,다단계판매업체,0,2013,5,10,,,,,,2013-05-10
6395889,다단계판매업체,0,2011,4,6,,,,,,2011-04-06
6395890,다단계판매업체,0,2012,3,7,,,,,,2012-03-07
6395891,다단계판매업체,0,2013,6,10,,,,,,2013-06-10
6395892,다단계판매업체,0,2013,7,24,,,,,,2013-07-24
6395893,다단계판매업체,0,2012,8,13,,,,,,2012-08-13
6395894,다단계판매업체,0,2010,1,29,2016,6,9,6,2016-06-09,2010-01-29
6395895,다단계판매업체,0,2002,2,2,,,,,,2002-02-02
6395896,다단계판매업체,0,2002,2,23,,,,,,2002-02-23
6395897,다단계판매업체,0,2002,2,23,,,,,,2002-02-23
6395898,다단계판매업체,0,2002,2,27,,,,,,2002-02-27
6395899,다단계판매업체,0,2002,2,27,,,,,,2002-02-27
6395900,다단계판매업체,0,2002,2,28,,,,,,2002-02-28
6395901,다단계판매업체,0,2002,2,28,,,,,,2002-02-28
6395902,다단계판매업체,0,2002,2,28,,,,,,2002-02-28
6395903,다단계판매업체,0,2007,2,12,2021,4,16,14,2021-04-16,2007-02-12
6395904,다단계판매업체,0,2007,3,15,,,,,,2007-03-15
6395905,다단계판매업체,0,2002,3,12,,,,,,2002-03-12
6395906,다단계판매업체,0,2002,3,20,,,,,,2002-03-20
6395907,다단계판매업체,0,2002,3,20,,,,,,2002-03-20
6395908,다단계판매업체,0,2007,4,10,,,,,,2007-04-10
6395909,다단계판매업체,0,2007,8,20,,,,,,2007-08-20
6395910,다단계판매업체,0,2007,9,28,,,,,,2007-09-28
6395911,다단계판매업체,0,2007,12,18,,,,,,2007-12-18
6395912,다단계판매업체,0,1995,8,8,,,,,,1995-08-08
6395913,다단계판매업체,0,1995,8,12,,,,,,1995-08-12
6395914,다단계판매업체,0,1995,8,31,,,,,,1995-08-31
6395915,다단계판매업체,0,1995,11,3,,,,,,1995-11-03
6395916,다단계판매업체,0,1996,1,6,,,,,,1996-01-06
6395917,다단계판매업체,0,2013,8,8,,,,,,2013-08-08
6395918,다단계판매업체,0,2012,5,1,,,,,,2012-05-01
6395919,다단계판매업체,0,2013,9,9,,,,,,2013-09-09
6395920,다단계판매업체,0,2013,2,1,,,,,,2013-02-01
6395921,다단계판매업체,0,2013,9,13,,,,,,2013-09-13
6395922,다단계판매업체,0,2002,4,15,,,,,,2002-04-15
6395923,다단계판매업체,0,2002,4,17,,,,,,2002-04-17
6395924,다단계판매업체,0,2002,4,29,,,,,,2002-04-29
6395925,다단계판매업체,0,2002,5,10,,,,,,2002-05-10
6395926,다단계판매업체,0,1995,10,6,,,,,,1995-10-06
6395927,다단계판매업체,0,2002,5,14,,,,,,2002-05-14
6395928,다단계판매업체,0,1996,3,6,,,,,,1996-03-06
6395929,다단계판매업체,0,1996,3,21,,,,,,1996-03-21
6395930,다단계판매업체,0,1996,5,10,,,,,,1996-05-10
6395931,다단계판매업체,0,1996,5,21,,,,,,1996-05-21
6395932,다단계판매업체,0,1996,9,18,,,,,,1996-09-18
6395933,다단계판매업체,0,1996,11,7,,,,,,1996-11-07
6395934,다단계판매업체,0,2009,3,20,,,,,,2009-03-20
6395935,다단계판매업체,0,2009,6,12,,,,,,2009-06-12
6395936,다단계판매업체,0,2009,7,20,,,,,,2009-07-20
6395937,다단계판매업체,0,2009,9,24,,,,,,2009-09-24
6395938,다단계판매업체,0,2002,7,25,,,,,,2002-07-25
6395939,다단계판매업체,0,2002,7,30,,,,,,2002-07-30
6395940,다단계판매업체,0,2002,8,1,,,,,,2002-08-01
6395941,다단계판매업체,0,2002,1,15,,,,,,2002-01-15
6395942,다단계판매업체,0,2003,1,10,,,,,,2003-01-10
6395943,다단계판매업체,0,2009,10,19,,,,,,2009-10-19
6395944,다단계판매업체,0,2009,11,25,,,,,,2009-11-25
6395945,다단계판매업체,0,2006,5,12,,,,,,2006-05-12
6395946,다단계판매업체,0,2011,9,1,,,,,,2011-09-01
6395947,다단계판매업체,0,2002,6,19,,,,,,2002-06-19
6395948,다단계판매업체,0,2002,7,3,,,,,,2002-07-03
6395949,다단계판매업체,0,2012,5,4,2022,5,31,10,2022-05-31,2012-05-04
6395950,다단계판매업체,0,2011,6,28,,,,,,2011-06-28
6395951,다단계판매업체,0,2012,6,27,,,,,,2012-06-27
6395952,다단계판매업체,0,2003,3,10,,,,,,2003-03-10
6395953,다단계판매업체,0,2005,5,10,,,,,,2005-05-10
6395954,다단계판매업체,0,2004,6,8,,,,,,2004-06-08
6395955,다단계판매업체,0,2004,6,8,,,,,,2004-06-08
6395956,다단계판매업체,0,2004,6,9,,,,,,2004-06-09
6395957,다단계판매업체,0,2004,6,14,,,,,,2004-06-14
6395958,다단계판매업체,0,2001,12,28,,,,,,2001-12-28
6395959,다단계판매업체,0,2002,1,4,,,,,,2002-01-04
6395960,다단계판매업체,0,2002,1,12,,,,,,2002-01-12
6395961,다단계판매업체,0,2004,9,6,,,,,,2004-09-06
6395962,다단계판매업체,0,2002,2,2,,,,,,2002-02-02
6395963,다단계판매업체,0,2012,8,20,2017,9,28,5,2017-09-28,2012-08-20
6395964,다단계판매업체,0,2012,9,4,2018,6,4,6,2018-06-04,2012-09-04
6395965,다단계판매업체,0,2012,9,13,,,,,,2012-09-13
6395966,다단계판매업체,0,2011,2,8,2018,12,31,7,2018-12-31,2011-02-08
6395967,다단계판매업체,0,2012,8,22,,,,,,2012-08-22
6395968,다단계판매업체,0,2012,9,4,,,,,,2012-09-04
6395969,다단계판매업체,0,2012,10,8,,,,,,2012-10-08
6395970,다단계판매업체,0,2012,11,5,,,,,,2012-11-05
6395971,다단계판매업체,0,2001,10,22,,,,,,2001-10-22
6395972,다단계판매업체,0,2005,12,5,,,,,,2005-12-05
6395973,다단계판매업체,0,2006,1,19,,,,,,2006-01-19
6395974,다단계판매업체,0,2006,3,13,,,,,,2006-03-13
6395975,다단계판매업체,0,2010,6,30,,,,,,2010-06-30
6395976,다단계판매업체,0,2013,9,23,,,,,,2013-09-23
6395977,다단계판매업체,0,2013,10,4,2018,12,31,5,2018-12-31,2013-10-04
6395978,다단계판매업체,0,2013,10,1,2017,6,29,4,2017-06-29,2013-10-01
6395979,다단계판매업체,0,2013,10,18,,,,,,2013-10-18
6395980,다단계판매업체,0,2011,7,11,,,,,,2011-07-11
6395981,다단계판매업체,0,2013,12,9,2018,1,22,5,2018-01-22,2013-12-09
6395982,다단계판매업체,0,2013,12,23,2018,11,30,5,2018-11-30,2013-12-23
6395983,다단계판매업체,0,2013,12,26,,,,,,2013-12-26
6395984,다단계판매업체,0,2007,8,28,,,,,,2007-08-28
6395985,다단계판매업체,0,2008,2,4,,,,,,2008-02-04
6395986,다단계판매업체,0,2009,10,5,,,,,,2009-10-05
6395987,다단계판매업체,0,2003,4,22,,,,,,2003-04-22
6395988,다단계판매업체,0,2003,6,24,,,,,,2003-06-24
6395989,다단계판매업체,0,2003,9,2,,,,,,2003-09-02
6395990,다단계판매업체,0,2006,5,2,,,,,,2006-05-02
6395991,다단계판매업체,0,2006,5,22,,,,,,2006-05-22
6395992,다단계판매업체,0,2005,3,15,,,,,,2005-03-15
6395993,다단계판매업체,0,2005,3,19,,,,,,2005-03-19
6395994,다단계판매업체,0,2005,4,13,,,,,,2005-04-13
6395995,다단계판매업체,0,2007,1,22,,,,,,2007-01-22
6395996,다단계판매업체,0,1995,7,20,,,,,,1995-07-20
6395997,다단계판매업체,0,1995,8,2,,,,,,1995-08-02
6395998,다단계판매업체,0,1995,8,4,,,,,,1995-08-04
6395999,다단계판매업체,0,1995,8,8,,,,,,1995-08-08
6396000,다단계판매업체,0,1995,8,8,,,,,,1995-08-08
6396001,다단계판매업체,0,2005,1,18,,,,,,2005-01-18
6396002,다단계판매업체,0,2021,10,26,2022,12,14,1,2022-12-14,2021-10-26
6396003,다단계판매업체,0,2020,9,8,2021,11,30,1,2021-11-30,2020-09-08
6396004,다단계판매업체,0,2021,7,20,2022,1,25,1,2022-01-25,2021-07-20
6396005,다단계판매업체,0,2000,9,14,,,,,,2000-09-14
6396006,다단계판매업체,0,2000,10,11,,,,,,2000-10-11
6396007,다단계판매업체,0,2000,10,12,,,,,,2000-10-12
6396008,다단계판매업체,0,2000,11,8,,,,,,2000-11-08
6396009,다단계판매업체,0,2000,12,7,,,,,,2000-12-07
6396010,다단계판매업체,0,2001,5,29,,,,,,2001-05-29
6396011,다단계판매업체,0,2001,6,21,,,,,,2001-06-21
6396012,다단계판매업체,0,2001,6,21,,,,,,2001-06-21
6396013,다단계판매업체,0,2001,7,23,,,,,,2001-07-23
6396014,다단계판매업체,0,2001,7,23,,,,,,2001-07-23
6396015,다단계판매업체,0,1999,3,19,,,,,,1999-03-19
6396016,다단계판매업체,0,1999,5,11,,,,,,1999-05-11
6396017,다단계판매업체,0,1999,7,20,,,,,,1999-07-20
6396018,다단계판매업체,0,2001,8,6,,,,,,2001-08-06
6396019,다단계판매업체,0,2001,2,23,,,,,,2001-02-23
6396020,다단계판매업체,0,2001,2,26,,,,,,2001-02-26
6396021,다단계판매업체,0,2001,3,17,,,,,,2001-03-17
6396022,다단계판매업체,0,2001,3,17,,,,,,2001-03-17
6396023,다단계판매업체,0,2001,3,20,,,,,,2001-03-20
6396024,다단계판매업체,0,2001,5,7,,,,,,2001-05-07
6396025,다단계판매업체,0,1997,2,28,,,,,,1997-02-28
6396026,다단계판매업체,0,1997,6,16,,,,,,1997-06-16
6396027,다단계판매업체,0,1997,7,31,,,,,,1997-07-31
6396028,다단계판매업체,0,2000,1,7,,,,,,2000-01-07
6396029,다단계판매업체,0,2000,4,11,,,,,,2000-04-11
6396030,다단계판매업체,0,1997,9,1,,,,,,1997-09-01
6396031,다단계판매업체,0,1997,9,30,,,,,,1997-09-30
6396032,다단계판매업체,0,1997,10,9,,,,,,1997-10-09
6396033,다단계판매업체,0,1997,10,31,,,,,,1997-10-31
6396034,다단계판매업체,0,1997,11,7,,,,,,1997-11-07
6396035,다단계판매업체,0,1997,12,3,,,,,,1997-12-03
6396036,다단계판매업체,0,2000,4,21,,,,,,2000-04-21
6396037,다단계판매업체,0,2000,5,6,,,,,,2000-05-06
6396038,다단계판매업체,0,2000,7,3,,,,,,2000-07-03
6396039,다단계판매업체,0,1997,5,10,,,,,,1997-05-10
6396040,다단계판매업체,0,2000,10,18,,,,,,2000-10-18
6396041,다단계판매업체,0,2001,2,3,,,,,,2001-02-03
6396042,다단계판매업체,0,1998,4,1,,,,,,1998-04-01
6396043,다단계판매업체,0,1998,5,30,,,,,,1998-05-30
6396044,다단계판매업체,0,1998,8,13,,,,,,1998-08-13
6396045,다단계판매업체,0,1998,8,13,,,,,,1998-08-13
6396046,다단계판매업체,0,1998,11,16,2006,2,21,8,2006-02-21,1998-11-16
6396047,다단계판매업체,0,1999,1,30,,,,,,1999-01-30
6396048,다단계판매업체,0,2001,7,23,,,,,,2001-07-23
6396049,다단계판매업체,0,2018,9,27,2022,4,19,4,2022-04-19,2018-09-27
6396050,다단계판매업체,0,2021,3,25,2022,5,10,1,2022-05-10,2021-03-25
6396051,다단계판매업체,0,2021,2,18,2022,9,20,1,2022-09-20,2021-02-18
6396052,다단계판매업체,0,2021,3,24,2021,3,24,0,2021-03-24,2021-03-24
6396053,다단계판매업체,0,2021,4,1,2021,5,24,0,2021-05-24,2021-04-01
6396054,다단계판매업체,0,1996,6,3,,,,,,1996-06-03
6396055,다단계판매업체,0,1996,7,15,,,,,,1996-07-15
6396056,다단계판매업체,0,1996,7,18,,,,,,1996-07-18
6396057,다단계판매업체,0,1996,8,12,,,,,,1996-08-12
6396058,다단계판매업체,0,1996,8,21,,,,,,1996-08-21
6396059,다단계판매업체,0,1996,9,10,,,,,,1996-09-10
6396060,다단계판매업체,0,1996,10,8,,,,,,1996-10-08
6396061,다단계판매업체,0,1996,11,29,1997,12,4,1,1997-12-04,1996-11-29
6396062,다단계판매업체,0,1996,12,9,,,,,,1996-12-09
6396063,다단계판매업체,0,1995,12,14,,,,,,1995-12-14
6396064,다단계판매업체,0,1996,1,12,,,,,,1996-01-12
6396065,다단계판매업체,0,1996,1,29,,,,,,1996-01-29
6396066,다단계판매업체,0,1996,2,24,,,,,,1996-02-24
6396067,다단계판매업체,0,1996,3,6,,,,,,1996-03-06
6396068,다단계판매업체,0,1996,3,12,,,,,,1996-03-12
6396069,다단계판매업체,0,1996,3,12,,,,,,1996-03-12
6396070,다단계판매업체,0,1996,5,17,,,,,,1996-05-17
6396071,다단계판매업체,0,1996,5,21,,,,,,1996-05-21
6396072,다단계판매업체,0,1996,3,25,,,,,,1996-03-25
6396073,다단계판매업체,0,1996,4,15,,,,,,1996-04-15
6396074,다단계판매업체,0,1996,4,25,,,,,,1996-04-25
6396075,다단계판매업체,0,1996,12,18,,,,,,1996-12-18
6396076,다단계판매업체,0,1996,12,19,,,,,,1996-12-19
6396077,다단계판매업체,0,1996,12,27,,,,,,1996-12-27
6396078,다단계판매업체,0,1997,1,11,,,,,,1997-01-11
6396079,다단계판매업체,0,1997,1,28,,,,,,1997-01-28
6396080,다단계판매업체,0,1997,3,7,,,,,,1997-03-07
6396081,다단계판매업체,0,1997,3,20,,,,,,1997-03-20
6396082,다단계판매업체,0,1997,4,7,,,,,,1997-04-07
6396083,다단계판매업체,0,1997,4,8,,,,,,1997-04-08
6396084,다단계판매업체,0,1997,4,11,,,,,,1997-04-11
6396085,다단계판매업체,0,1995,7,25,,,,,,1995-07-25
6396086,다단계판매업체,0,1995,7,20,,,,,,1995-07-20
6396087,다단계판매업체,0,1995,7,27,,,,,,1995-07-27
6396088,다단계판매업체,0,1995,7,24,,,,,,1995-07-24
6396089,다단계판매업체,0,1995,8,4,,,,,,1995-08-04
6396090,다단계판매업체,0,1995,8,4,,,,,,1995-08-04
6396091,다단계판매업체,0,1995,8,5,,,,,,1995-08-05
6396092,다단계판매업체,0,1995,8,8,,,,,,1995-08-08
6396093,다단계판매업체,0,1995,7,20,,,,,,1995-07-20
6396094,다단계판매업체,0,1995,8,8,,,,,,1995-08-08
6396095,다단계판매업체,0,1995,8,8,,,,,,1995-08-08
6396096,다단계판매업체,0,1995,8,8,,,,,,1995-08-08
6396097,다단계판매업체,0,1995,8,12,,,,,,1995-08-12
6396098,다단계판매업체,0,1995,8,5,,,,,,1995-08-05
6396099,다단계판매업체,0,1995,8,30,,,,,,1995-08-30
6396100,다단계판매업체,0,2011,6,2,2013,12,17,2,2013-12-17,2011-06-02
6396101,다단계판매업체,0,1995,9,6,,,,,,1995-09-06
6396102,다단계판매업체,0,1995,8,8,,,,,,1995-08-08
6396103,다단계판매업체,0,1995,10,2,,,,,,1995-10-02
6396104,다단계판매업체,0,1996,5,27,,,,,,1996-05-27
6396105,다단계판매업체,0,2021,2,8,2021,5,24,0,2021-05-24,2021-02-08
6396106,다단계판매업체,0,2002,4,29,,,,,,2002-04-29
6396107,다단계판매업체,0,1995,8,5,,,,,,1995-08-05
6396108,다단계판매업체,0,1995,8,12,,,,,,1995-08-12
6396109,다단계판매업체,0,1995,9,4,,,,,,1995-09-04
6396110,다단계판매업체,0,1995,12,19,,,,,,1995-12-19
6396111,다단계판매업체,0,2001,1,15,,,,,,2001-01-15
6396112,다단계판매업체,0,2001,1,16,,,,,,2001-01-16
6396113,다단계판매업체,0,2001,6,8,,,,,,2001-06-08
6396114,다단계판매업체,0,1997,8,14,,,,,,1997-08-14
6396115,다단계판매업체,0,2002,5,8,,,,,,2002-05-08
6396116,다단계판매업체,0,2002,5,16,,,,,,2002-05-16
6396117,다단계판매업체,0,2002,5,17,,,,,,2002-05-17
6396118,다단계판매업체,0,2002,5,23,,,,,,2002-05-23
6396119,다단계판매업체,0,2006,5,19,,,,,,2006-05-19
6396120,다단계판매업체,0,2007,1,9,,,,,,2007-01-09
6396121,다단계판매업체,0,2001,7,7,,,,,,2001-07-07
6396122,다단계판매업체,0,2001,7,7,,,,,,2001-07-07
6396123,다단계판매업체,0,2001,9,18,,,,,,2001-09-18
6396124,다단계판매업체,0,2001,9,21,,,,,,2001-09-21
6396125,다단계판매업체,0,2001,10,31,,,,,,2001-10-31
6396126,다단계판매업체,0,2001,12,5,,,,,,2001-12-05
6396127,다단계판매업체,0,2002,2,22,,,,,,2002-02-22
6396128,다단계판매업체,0,2002,6,11,,,,,,2002-06-11
6396129,다단계판매업체,0,2002,7,8,,,,,,2002-07-08
6396130,다단계판매업체,0,2000,12,30,,,,,,2000-12-30
6396131,다단계판매업체,0,2002,6,20,,,,,,2002-06-20
6396132,다단계판매업체,0,2000,10,11,,,,,,2000-10-11
6396133,다단계판매업체,0,2002,3,22,,,,,,2002-03-22
6396134,다단계판매업체,0,2001,12,7,,,,,,2001-12-07
6396135,다단계판매업체,0,2006,9,25,,,,,,2006-09-25
6396136,다단계판매업체,0,2002,4,29,,,,,,2002-04-29
6396137,다단계판매업체,0,2002,5,24,,,,,,2002-05-24
6396138,다단계판매업체,0,2002,6,17,,,,,,2002-06-17
6396139,다단계판매업체,0,2004,5,6,,,,,,2004-05-06
6396140,다단계판매업체,0,2005,1,19,,,,,,2005-01-19
6396141,다단계판매업체,0,2005,4,19,,,,,,2005-04-19
6396142,다단계판매업체,0,2005,6,18,,,,,,2005-06-18
6396143,다단계판매업체,0,2005,6,29,,,,,,2005-06-29
6396144,다단계판매업체,0,2006,4,27,,,,,,2006-04-27
6396145,다단계판매업체,0,2006,10,25,,,,,,2006-10-25
6396146,다단계판매업체,0,2003,9,16,,,,,,2003-09-16
6396147,다단계판매업체,0,2004,2,14,,,,,,2004-02-14
6396148,다단계판매업체,0,2004,3,25,,,,,,2004-03-25
6396149,다단계판매업체,0,2002,7,9,,,,,,2002-07-09
6396150,다단계판매업체,0,2004,6,8,,,,,,2004-06-08
6396151,다단계판매업체,0,2004,6,19,,,,,,2004-06-19
6396152,다단계판매업체,0,2004,7,22,,,,,,2004-07-22
6396153,다단계판매업체,0,2004,8,17,,,,,,2004-08-17
6396154,다단계판매업체,0,2004,12,3,,,,,,2004-12-03
6396155,다단계판매업체,0,1999,9,10,,,,,,1999-09-10
6396156,다단계판매업체,0,2000,2,21,,,,,,2000-02-21
6396157,다단계판매업체,0,2000,2,24,,,,,,2000-02-24
6396158,다단계판매업체,0,2000,9,22,,,,,,2000-09-22
6396159,다단계판매업체,0,2000,12,11,,,,,,2000-12-11
6396160,다단계판매업체,0,2003,1,10,,,,,,2003-01-10
6396161,다단계판매업체,0,2002,4,22,,,,,,2002-04-22
6396162,다단계판매업체,0,2003,4,15,,,,,,2003-04-15
6396163,다단계판매업체,0,2003,6,4,,,,,,2003-06-04
6396164,다단계판매업체,0,2003,7,12,,,,,,2003-07-12
6396165,다단계판매업체,0,2004,12,3,,,,,,2004-12-03
6396166,다단계판매업체,0,2005,1,31,,,,,,2005-01-31
6396167,다단계판매업체,0,2005,2,11,,,,,,2005-02-11
6396168,다단계판매업체,0,2005,3,5,,,,,,2005-03-05
6396169,다단계판매업체,0,2005,4,19,,,,,,2005-04-19
6396170,다단계판매업체,0,2005,5,20,,,,,,2005-05-20
6396171,다단계판매업체,0,2005,6,30,,,,,,2005-06-30
6396172,다단계판매업체,0,2005,7,4,,,,,,2005-07-04
6396173,다단계판매업체,0,2005,7,6,,,,,,2005-07-06
6396174,다단계판매업체,0,2005,7,18,,,,,,2005-07-18
6396175,다단계판매업체,0,2005,7,19,,,,,,2005-07-19
6396176,다단계판매업체,0,2005,8,26,,,,,,2005-08-26
6396177,다단계판매업체,0,2005,2,28,,,,,,2005-02-28
6396178,다단계판매업체,0,2001,5,16,,,,,,2001-05-16
6396179,다단계판매업체,0,2005,4,20,,,,,,2005-04-20
6396180,다단계판매업체,0,2000,12,16,,,,,,2000-12-16
6396181,다단계판매업체,0,2001,1,5,,,,,,2001-01-05
6396182,다단계판매업체,0,2001,1,10,,,,,,2001-01-10
6396183,다단계판매업체,0,2001,1,18,,,,,,2001-01-18
6396184,다단계판매업체,0,2001,4,6,,,,,,2001-04-06
6396185,다단계판매업체,0,2001,4,13,,,,,,2001-04-13
6396186,다단계판매업체,0,2001,5,14,,,,,,2001-05-14
6396187,다단계판매업체,0,2001,5,25,,,,,,2001-05-25
6396188,다단계판매업체,0,2001,6,8,,,,,,2001-06-08
6396189,다단계판매업체,0,2001,6,8,,,,,,2001-06-08
6396190,다단계판매업체,0,2001,6,29,,,,,,2001-06-29
6396191,다단계판매업체,0,2001,7,7,,,,,,2001-07-07
6396192,다단계판매업체,0,2001,7,23,,,,,,2001-07-23
6396193,다단계판매업체,0,2001,7,24,,,,,,2001-07-24
6396194,다단계판매업체,0,2002,3,2,,,,,,2002-03-02
6396195,다단계판매업체,0,2002,3,20,,,,,,2002-03-20
6396196,다단계판매업체,0,2002,3,22,,,,,,2002-03-22
6396197,다단계판매업체,0,2000,6,8,,,,,,2000-06-08
6396198,다단계판매업체,0,2002,4,1,,,,,,2002-04-01
6396199,다단계판매업체,0,2002,4,1,,,,,,2002-04-01
6396200,다단계판매업체,0,2000,8,9,,,,,,2000-08-09
6396201,다단계판매업체,0,2000,10,11,,,,,,2000-10-11
6396202,다단계판매업체,0,2002,4,11,,,,,,2002-04-11
6396203,다단계판매업체,0,2001,12,28,,,,,,2001-12-28
6396204,다단계판매업체,0,2002,1,17,,,,,,2002-01-17
6396205,다단계판매업체,0,2002,2,22,,,,,,2002-02-22
6396206,다단계판매업체,0,1997,4,17,,,,,,1997-04-17
6396207,다단계판매업체,0,1997,6,27,,,,,,1997-06-27
6396208,다단계판매업체,0,1997,8,8,,,,,,1997-08-08
6396209,다단계판매업체,0,1997,10,27,,,,,,1997-10-27
6396210,다단계판매업체,0,1998,3,16,,,,,,1998-03-16
6396211,다단계판매업체,0,1998,5,13,,,,,,1998-05-13
6396212,다단계판매업체,0,2002,2,28,,,,,,2002-02-28
6396213,다단계판매업체,0,2001,2,23,,,,,,2001-02-23
6396214,다단계판매업체,0,2001,1,30,,,,,,2001-01-30
6396215,다단계판매업체,0,2001,2,20,,,,,,2001-02-20
6396216,다단계판매업체,0,2001,3,15,,,,,,2001-03-15
6396217,다단계판매업체,0,2001,3,17,,,,,,2001-03-17
6396218,다단계판매업체,0,1996,11,14,,,,,,1996-11-14
6396219,다단계판매업체,0,1996,12,9,,,,,,1996-12-09
6396220,다단계판매업체,0,1996,12,16,,,,,,1996-12-16
6396221,다단계판매업체,0,1996,12,19,,,,,,1996-12-19
6396222,다단계판매업체,0,2000,2,24,,,,,,2000-02-24
6396223,다단계판매업체,0,2000,4,15,,,,,,2000-04-15
6396224,다단계판매업체,0,2001,8,23,,,,,,2001-08-23
6396225,다단계판매업체,0,2001,9,18,,,,,,2001-09-18
6396226,다단계판매업체,0,2001,9,26,,,,,,2001-09-26
6396227,다단계판매업체,0,2001,10,16,,,,,,2001-10-16
6396228,다단계판매업체,0,2001,11,2,,,,,,2001-11-02
6396229,다단계판매업체,0,2001,11,15,,,,,,2001-11-15
6396230,다단계판매업체,0,2001,12,8,,,,,,2001-12-08
6396231,다단계판매업체,0,2001,12,28,,,,,,2001-12-28
6396232,다단계판매업체,0,2000,10,18,,,,,,2000-10-18
6396233,다단계판매업체,0,2000,11,17,,,,,,2000-11-17
6396234,다단계판매업체,0,2000,12,6,,,,,,2000-12-06
6396235,다단계판매업체,0,1998,2,4,,,,,,1998-02-04
6396236,다단계판매업체,0,2001,11,21,,,,,,2001-11-21
6396237,다단계판매업체,0,2001,12,11,,,,,,2001-12-11
6396238,다단계판매업체,0,2001,10,24,,,,,,2001-10-24
6396239,다단계판매업체,0,2001,11,15,,,,,,2001-11-15
6396240,다단계판매업체,0,2001,11,15,,,,,,2001-11-15
6396241,다단계판매업체,0,2005,7,5,,,,,,2005-07-05
6396242,다단계판매업체,0,2005,7,8,,,,,,2005-07-08
6396243,다단계판매업체,0,2005,7,11,,,,,,2005-07-11
6396244,다단계판매업체,0,2005,7,18,,,,,,2005-07-18
6396245,다단계판매업체,0,2005,8,25,,,,,,2005-08-25
6396246,다단계판매업체,0,2005,8,25,,,,,,2005-08-25
6396247,다단계판매업체,0,2002,2,7,,,,,,2002-02-07
6396248,다단계판매업체,0,2002,2,18,,,,,,2002-02-18
6396249,다단계판매업체,0,2002,2,20,,,,,,2002-02-20
6396250,다단계판매업체,0,2002,2,22,,,,,,2002-02-22
6396251,다단계판매업체,0,2002,2,27,,,,,,2002-02-27
6396252,다단계판매업체,0,2002,2,28,,,,,,2002-02-28
6396253,다단계판매업체,0,2002,3,20,,,,,,2002-03-20
6396254,다단계판매업체,0,2002,3,28,,,,,,2002-03-28
6396255,다단계판매업체,0,2002,3,28,,,,,,2002-03-28
6396256,다단계판매업체,0,2002,4,1,,,,,,2002-04-01
6396257,다단계판매업체,0,2007,5,30,,,,,,2007-05-30
6396258,다단계판매업체,0,2007,11,5,,,,,,2007-11-05
6396259,다단계판매업체,0,2008,5,26,,,,,,2008-05-26
6396260,다단계판매업체,0,1995,8,8,,,,,,1995-08-08
6396261,다단계판매업체,0,2002,4,4,,,,,,2002-04-04
6396262,다단계판매업체,0,2002,4,17,,,,,,2002-04-17
6396263,다단계판매업체,0,2002,5,9,,,,,,2002-05-09
6396264,다단계판매업체,0,2002,5,9,,,,,,2002-05-09
6396265,다단계판매업체,0,1996,1,24,,,,,,1996-01-24
6396266,다단계판매업체,0,1996,2,12,,,,,,1996-02-12
6396267,다단계판매업체,0,1996,4,15,,,,,,1996-04-15
6396268,다단계판매업체,0,1996,9,9,,,,,,1996-09-09
6396269,다단계판매업체,0,2002,7,8,,,,,,2002-07-08
6396270,다단계판매업체,0,2002,7,9,,,,,,2002-07-09
6396271,다단계판매업체,0,2002,7,12,,,,,,2002-07-12
6396272,다단계판매업체,0,2002,7,15,,,,,,2002-07-15
6396273,다단계판매업체,0,2002,7,18,,,,,,2002-07-18
6396274,다단계판매업체,0,2002,7,25,,,,,,2002-07-25
6396275,다단계판매업체,0,2002,7,30,,,,,,2002-07-30
6396276,다단계판매업체,0,1996,11,5,,,,,,1996-11-05
6396277,다단계판매업체,0,2001,7,16,,,,,,2001-07-16
6396278,다단계판매업체,0,2002,5,15,,,,,,2002-05-15
6396279,다단계판매업체,0,2001,5,14,,,,,,2001-05-14
6396280,다단계판매업체,0,2002,1,16,,,,,,2002-01-16
6396281,다단계판매업체,0,2002,5,16,,,,,,2002-05-16
6396282,다단계판매업체,0,2002,5,22,,,,,,2002-05-22
6396283,다단계판매업체,0,2002,5,22,,,,,,2002-05-22
6396284,다단계판매업체,0,2002,5,24,,,,,,2002-05-24
6396285,다단계판매업체,0,2002,5,25,,,,,,2002-05-25
6396286,다단계판매업체,0,2002,6,3,,,,,,2002-06-03
6396287,다단계판매업체,0,2002,6,5,,,,,,2002-06-05
6396288,다단계판매업체,0,2002,6,11,,,,,,2002-06-11
6396289,다단계판매업체,0,2002,6,12,,,,,,2002-06-12
6396290,다단계판매업체,0,2002,6,14,,,,,,2002-06-14
6396291,다단계판매업체,0,2002,6,14,,,,,,2002-06-14
6396292,다단계판매업체,0,2002,6,18,,,,,,2002-06-18
6396293,다단계판매업체,0,2002,6,22,,,,,,2002-06-22
6396294,다단계판매업체,0,2002,6,29,,,,,,2002-06-29
6396295,다단계판매업체,0,2003,9,29,,,,,,2003-09-29
6396296,다단계판매업체,0,2003,12,2,,,,,,2003-12-02
6396297,다단계판매업체,0,2001,3,16,,,,,,2001-03-16
6396298,다단계판매업체,0,2003,2,21,,,,,,2003-02-21
6396299,다단계판매업체,0,2005,6,1,,,,,,2005-06-01
6396300,다단계판매업체,0,2005,6,3,,,,,,2005-06-03
6396301,다단계판매업체,0,2004,1,30,,,,,,2004-01-30
6396302,다단계판매업체,0,2004,2,9,,,,,,2004-02-09
6396303,다단계판매업체,0,2004,3,24,,,,,,2004-03-24
6396304,다단계판매업체,0,2004,3,29,,,,,,2004-03-29
6396305,다단계판매업체,0,2001,12,27,,,,,,2001-12-27
6396306,다단계판매업체,0,2002,1,19,,,,,,2002-01-19
6396307,다단계판매업체,0,2002,1,23,,,,,,2002-01-23
6396308,다단계판매업체,0,2004,6,21,,,,,,2004-06-21
6396309,다단계판매업체,0,2004,6,30,,,,,,2004-06-30
6396310,다단계판매업체,0,2004,8,11,,,,,,2004-08-11
6396311,다단계판매업체,0,2004,8,17,,,,,,2004-08-17
6396312,다단계판매업체,0,2004,9,30,,,,,,2004-09-30
6396313,다단계판매업체,0,2004,11,26,,,,,,2004-11-26
6396314,다단계판매업체,0,2004,11,29,,,,,,2004-11-29
6396315,다단계판매업체,0,2005,6,14,,,,,,2005-06-14
6396316,다단계판매업체,0,2005,6,29,,,,,,2005-06-29
6396317,다단계판매업체,0,2001,12,18,,,,,,2001-12-18
6396318,다단계판매업체,0,2003,4,29,,,,,,2003-04-29
6396319,다단계판매업체,0,2003,4,7,,,,,,2003-04-07
6396320,다단계판매업체,0,2003,4,15,,,,,,2003-04-15
6396321,다단계판매업체,0,2005,8,26,,,,,,2005-08-26
6396322,다단계판매업체,0,2005,9,2,,,,,,2005-09-02
6396323,다단계판매업체,0,2005,10,17,,,,,,2005-10-17
6396324,다단계판매업체,0,2005,12,28,,,,,,2005-12-28
6396325,다단계판매업체,0,2006,1,19,,,,,,2006-01-19
6396326,다단계판매업체,0,2006,4,21,,,,,,2006-04-21
6396327,다단계판매업체,0,2006,11,24,,,,,,2006-11-24
6396328,다단계판매업체,0,1995,7,24,,,,,,1995-07-24
6396329,다단계판매업체,0,2003,4,23,,,,,,2003-04-23
6396330,다단계판매업체,0,2001,4,27,,,,,,2001-04-27
6396331,다단계판매업체,0,2003,8,18,,,,,,2003-08-18
6396332,다단계판매업체,0,2003,8,22,,,,,,2003-08-22
6396333,다단계판매업체,0,2003,9,2,,,,,,2003-09-02
6396334,다단계판매업체,0,2006,4,21,,,,,,2006-04-21
6396335,다단계판매업체,0,2006,6,13,,,,,,2006-06-13
6396336,다단계판매업체,0,2005,2,3,,,,,,2005-02-03
6396337,다단계판매업체,0,2005,2,14,,,,,,2005-02-14
6396338,다단계판매업체,0,2005,3,7,,,,,,2005-03-07
6396339,다단계판매업체,0,2005,3,31,,,,,,2005-03-31
6396340,다단계판매업체,0,2005,4,21,,,,,,2005-04-21
6396341,다단계판매업체,0,2005,4,28,,,,,,2005-04-28
6396342,다단계판매업체,0,2005,5,23,,,,,,2005-05-23
6396343,다단계판매업체,0,2006,9,26,,,,,,2006-09-26
6396344,다단계판매업체,0,2004,12,3,,,,,,2004-12-03
6396345,다단계판매업체,0,2005,1,11,,,,,,2005-01-11
6396346,다단계판매업체,0,2005,1,11,,,,,,2005-01-11
6396347,다단계판매업체,0,2005,1,19,,,,,,2005-01-19
6396348,다단계판매업체,0,2001,10,18,,,,,,2001-10-18
6396349,다단계판매업체,0,2001,10,19,,,,,,2001-10-19
6396350,다단계판매업체,0,2001,10,22,,,,,,2001-10-22
6396351,다단계판매업체,0,2000,8,9,,,,,,2000-08-09
6396352,다단계판매업체,0,2000,9,8,,,,,,2000-09-08
6396353,다단계판매업체,0,2000,9,22,,,,,,2000-09-22
6396354,다단계판매업체,0,2000,10,28,,,,,,2000-10-28
6396355,다단계판매업체,0,2000,11,1,,,,,,2000-11-01
6396356,다단계판매업체,0,2000,11,4,,,,,,2000-11-04
6396357,다단계판매업체,0,2000,12,4,,,,,,2000-12-04
6396358,다단계판매업체,0,2000,12,9,,,,,,2000-12-09
6396359,다단계판매업체,0,2000,12,18,,,,,,2000-12-18
6396360,다단계판매업체,0,2001,1,8,,,,,,2001-01-08
6396361,다단계판매업체,0,2001,1,11,,,,,,2001-01-11
6396362,다단계판매업체,0,2001,1,17,,,,,,2001-01-17
6396363,다단계판매업체,0,2001,1,26,,,,,,2001-01-26
6396364,다단계판매업체,0,2001,5,25,,,,,,2001-05-25
6396365,다단계판매업체,0,2001,6,2,,,,,,2001-06-02
6396366,다단계판매업체,0,2001,6,19,,,,,,2001-06-19
6396367,다단계판매업체,0,2001,6,21,,,,,,2001-06-21
6396368,다단계판매업체,0,2001,6,29,,,,,,2001-06-29
6396369,다단계판매업체,0,2001,7,3,,,,,,2001-07-03
6396370,다단계판매업체,0,2001,7,3,,,,,,2001-07-03
6396371,다단계판매업체,0,2001,7,3,,,,,,2001-07-03
6396372,다단계판매업체,0,1999,3,19,,,,,,1999-03-19
6396373,다단계판매업체,0,1999,5,6,,,,,,1999-05-06
6396374,다단계판매업체,0,1999,6,2,,,,,,1999-06-02
6396375,다단계판매업체,0,1999,9,6,,,,,,1999-09-06
6396376,다단계판매업체,0,1999,11,9,,,,,,1999-11-09
6396377,다단계판매업체,0,2001,2,20,,,,,,2001-02-20
6396378,다단계판매업체,0,2001,3,28,,,,,,2001-03-28
6396379,다단계판매업체,0,2001,4,2,,,,,,2001-04-02
6396380,다단계판매업체,0,2001,4,6,,,,,,2001-04-06
6396381,다단계판매업체,0,2001,4,17,,,,,,2001-04-17
6396382,다단계판매업체,0,2001,4,19,,,,,,2001-04-19
6396383,다단계판매업체,0,2001,4,25,,,,,,2001-04-25
6396384,다단계판매업체,0,1997,6,4,,,,,,1997-06-04
6396385,다단계판매업체,0,1997,7,4,,,,,,1997-07-04
6396386,다단계판매업체,0,1997,7,14,,,,,,1997-07-14
6396387,다단계판매업체,0,1997,12,12,,,,,,1997-12-12
6396388,다단계판매업체,0,1997,8,26,,,,,,1997-08-26
6396389,다단계판매업체,0,1997,8,28,,,,,,1997-08-28
6396390,다단계판매업체,0,1997,10,22,,,,,,1997-10-22
6396391,다단계판매업체,0,2000,4,11,,,,,,2000-04-11
6396392,다단계판매업체,0,2000,4,24,,,,,,2000-04-24
6396393,다단계판매업체,0,2000,5,19,,,,,,2000-05-19
6396394,다단계판매업체,0,2000,6,17,,,,,,2000-06-17
6396395,다단계판매업체,0,1998,3,16,,,,,,1998-03-16
6396396,다단계판매업체,0,1998,3,17,,,,,,1998-03-17
6396397,다단계판매업체,0,2001,1,26,,,,,,2001-01-26
6396398,다단계판매업체,0,2001,1,31,,,,,,2001-01-31
6396399,다단계판매업체,0,2001,1,31,,,,,,2001-01-31
6396400,다단계판매업체,0,2001,1,31,,,,,,2001-01-31
6396401,다단계판매업체,0,2001,2,2,,,,,,2001-02-02
6396402,다단계판매업체,0,1998,5,18,,,,,,1998-05-18
6396403,다단계판매업체,0,1998,5,16,,,,,,1998-05-16
6396404,다단계판매업체,0,1998,7,23,,,,,,1998-07-23
6396405,다단계판매업체,0,1998,10,8,,,,,,1998-10-08
6396406,다단계판매업체,0,1998,11,12,,,,,,1998-11-12
6396407,다단계판매업체,0,2001,2,20,,,,,,2001-02-20
6396408,다단계판매업체,0,2001,7,23,,,,,,2001-07-23
6396409,다단계판매업체,0,2001,8,23,,,,,,2001-08-23
6396410,다단계판매업체,0,2001,8,23,,,,,,2001-08-23
6396411,다단계판매업체,0,2001,9,3,,,,,,2001-09-03
6396412,다단계판매업체,0,2001,9,5,,,,,,2001-09-05
6396413,다단계판매업체,0,2001,9,13,,,,,,2001-09-13
6396414,다단계판매업체,0,2001,10,8,,,,,,2001-10-08
6396415,다단계판매업체,0,2001,10,15,,,,,,2001-10-15
6396416,다단계판매업체,0,2001,10,16,,,,,,2001-10-16
6396417,다단계판매업체,0,1996,7,9,,,,,,1996-07-09
6396418,다단계판매업체,0,1996,10,21,,,,,,1996-10-21
6396419,다단계판매업체,0,1996,11,13,,,,,,1996-11-13
6396420,다단계판매업체,0,1996,11,18,,,,,,1996-11-18
6396421,다단계판매업체,0,1995,10,31,,,,,,1995-10-31
6396422,다단계판매업체,0,1995,11,30,,,,,,1995-11-30
6396423,다단계판매업체,0,1996,2,10,,,,,,1996-02-10
6396424,다단계판매업체,0,1997,2,6,,,,,,1997-02-06
6396425,다단계판매업체,0,1997,4,12,,,,,,1997-04-12
6396426,다단계판매업체,0,1995,7,24,,,,,,1995-07-24
6396427,다단계판매업체,0,1995,7,25,,,,,,1995-07-25
6396428,다단계판매업체,0,1995,8,3,,,,,,1995-08-03
6396429,다단계판매업체,0,1995,8,2,,,,,,1995-08-02
6396430,다단계판매업체,0,1995,8,31,,,,,,1995-08-31
6396431,다단계판매업체,0,1995,9,29,,,,,,1995-09-29
6396432,다단계판매업체,0,1995,10,11,,,,,,1995-10-11
6396433,다단계판매업체,0,1995,9,4,,,,,,1995-09-04
6396434,다단계판매업체,0,2001,2,20,,,,,,2001-02-20
6396435,다단계판매업체,0,2001,4,17,,,,,,2001-04-17
6396436,다단계판매업체,0,1995,12,19,,,,,,1995-12-19
6396437,다단계판매업체,0,2002,1,17,,,,,,2002-01-17
6396438,다단계판매업체,0,2002,2,22,,,,,,2002-02-22
6396439,다단계판매업체,0,2002,6,21,,,,,,2002-06-21
6396440,다단계판매업체,0,2000,9,22,,,,,,2000-09-22
6396441,다단계판매업체,0,2006,3,28,,,,,,2006-03-28
6396442,다단계판매업체,0,2001,1,16,,,,,,2001-01-16
6396443,다단계판매업체,0,1999,9,30,,,,,,1999-09-30
6396444,다단계판매업체,0,2000,7,10,,,,,,2000-07-10
6396445,다단계판매업체,0,2000,8,25,,,,,,2000-08-25
6396446,다단계판매업체,0,1997,8,20,,,,,,1997-08-20
6396447,다단계판매업체,0,2001,3,23,,,,,,2001-03-23
6396448,다단계판매업체,0,1997,2,6,,,,,,1997-02-06
6396449,다단계판매업체,0,2001,8,23,,,,,,2001-08-23
6396450,다단계판매업체,0,2000,5,19,,,,,,2000-05-19
6396451,다단계판매업체,0,2000,11,1,,,,,,2000-11-01
6396452,다단계판매업체,0,2001,11,21,,,,,,2001-11-21
6396453,다단계판매업체,0,2001,12,11,,,,,,2001-12-11
6396454,다단계판매업체,0,2001,11,21,,,,,,2001-11-21
6396455,다단계판매업체,0,2002,3,28,,,,,,2002-03-28
6396456,다단계판매업체,0,1995,9,11,,,,,,1995-09-11
6396457,다단계판매업체,0,1995,9,29,,,,,,1995-09-29
6396458,다단계판매업체,0,1996,6,3,,,,,,1996-06-03
6396459,다단계판매업체,0,2003,1,11,,,,,,2003-01-11
6396460,다단계판매업체,0,2002,6,19,,,,,,2002-06-19
6396461,다단계판매업체,0,2002,3,12,,,,,,2002-03-12
6396462,다단계판매업체,0,2004,3,19,,,,,,2004-03-19
6396463,다단계판매업체,0,2001,12,22,,,,,,2001-12-22
6396464,다단계판매업체,0,2002,1,21,,,,,,2002-01-21
6396465,다단계판매업체,0,2005,4,21,,,,,,2005-04-21
6396466,다단계판매업체,0,2005,2,1,,,,,,2005-02-01
6396467,다단계판매업체,0,2001,10,22,,,,,,2001-10-22
6396468,다단계판매업체,0,2001,1,6,,,,,,2001-01-06
6396469,다단계판매업체,0,1997,5,23,,,,,,1997-05-23
6396470,다단계판매업체,0,1997,12,10,,,,,,1997-12-10
6396471,다단계판매업체,0,1999,11,19,,,,,,1999-11-19
6396472,다단계판매업체,0,1997,12,8,,,,,,1997-12-08
6396473,다단계판매업체,0,2000,7,10,,,,,,2000-07-10
6396474,다단계판매업체,0,2000,7,15,,,,,,2000-07-15
6396475,다단계판매업체,0,1998,1,8,,,,,,1998-01-08
6396476,다단계판매업체,0,1998,5,4,,,,,,1998-05-04
6396477,다단계판매업체,0,1999,1,28,,,,,,1999-01-28
6396478,다단계판매업체,0,1996,5,27,,,,,,1996-05-27
6396479,다단계판매업체,0,1996,8,31,,,,,,1996-08-31
6396480,다단계판매업체,0,1997,1,9,,,,,,1997-01-09
6396481,다단계판매업체,0,1997,2,12,,,,,,1997-02-12
6396482,다단계판매업체,0,1995,8,5,,,,,,1995-08-05
6396483,다단계판매업체,1,2005,6,9,,,,,,2005-06-09
6396484,다단계판매업체,1,2008,4,10,,,,,,2008-04-10
6396485,다단계판매업체,1,2018,11,29,,,,,,2018-11-29
6396486,다단계판매업체,1,2019,3,22,,,,,,2019-03-22
6396487,다단계판매업체,1,2019,2,14,,,,,,2019-02-14
6396488,다단계판매업체,1,2019,3,28,,,,,,2019-03-28
6396489,다단계판매업체,1,2019,3,25,,,,,,2019-03-25
6396490,다단계판매업체,1,2019,3,7,,,,,,2019-03-07
6396491,다단계판매업체,1,2019,6,4,,,,,,2019-06-04
6396492,다단계판매업체,1,2019,7,8,,,,,,2019-07-08
6396493,다단계판매업체,1,2020,11,6,,,,,,2020-11-06
6396494,다단계판매업체,1,2015,6,12,,,,,,2015-06-12
6396495,다단계판매업체,1,2016,5,23,,,,,,2016-05-23
6396496,다단계판매업체,1,2016,9,27,,,,,,2016-09-27
6396497,다단계판매업체,1,2017,2,27,,,,,,2017-02-27
6396498,다단계판매업체,1,2017,5,15,,,,,,2017-05-15
6396499,다단계판매업체,1,2017,6,9,,,,,,2017-06-09
6396500,다단계판매업체,1,2017,6,26,,,,,,2017-06-26
6396501,다단계판매업체,1,2017,8,31,,,,,,2017-08-31
6396502,다단계판매업체,1,2017,12,11,,,,,,2017-12-11
6396503,다단계판매업체,1,2017,12,12,,,,,,2017-12-12
6396504,다단계판매업체,1,2017,9,7,,,,,,2017-09-07
6396505,다단계판매업체,1,2018,3,13,,,,,,2018-03-13
6396506,다단계판매업체,1,2018,3,28,,,,,,2018-03-28
6396507,다단계판매업체,1,2018,3,28,,,,,,2018-03-28
6396508,다단계판매업체,1,2018,5,14,,,,,,2018-05-14
6396509,다단계판매업체,1,2018,6,18,,,,,,2018-06-18
6396510,다단계판매업체,1,2014,11,24,,,,,,2014-11-24
6396511,다단계판매업체,1,2015,4,13,,,,,,2015-04-13
6396512,다단계판매업체,1,2015,4,6,,,,,,2015-04-06
6396513,다단계판매업체,1,2014,10,6,,,,,,2014-10-06
6396514,다단계판매업체,1,2019,10,14,,,,,,2019-10-14
6396515,다단계판매업체,1,2022,2,18,,,,,,2022-02-18
6396516,다단계판매업체,1,2020,1,16,,,,,,2020-01-16
6396517,다단계판매업체,1,2021,12,23,,,,,,2021-12-23
6396518,다단계판매업체,1,2020,11,6,,,,,,2020-11-06
6396519,다단계판매업체,1,2013,7,30,,,,,,2013-07-30
6396520,다단계판매업체,1,2012,8,2,,,,,,2012-08-02
6396521,다단계판매업체,1,2013,3,14,,,,,,2013-03-14
6396522,다단계판매업체,1,2012,8,16,,,,,,2012-08-16
6396523,다단계판매업체,1,2012,9,4,,,,,,2012-09-04
6396524,다단계판매업체,1,2012,11,7,,,,,,2012-11-07
6396525,다단계판매업체,1,2013,1,25,,,,,,2013-01-25
6396526,다단계판매업체,1,2013,10,2,,,,,,2013-10-02
6396527,다단계판매업체,1,2013,10,17,,,,,,2013-10-17
6396528,다단계판매업체,1,2013,11,13,,,,,,2013-11-13
6396529,다단계판매업체,1,2021,10,26,,,,,,2021-10-26
6396530,다단계판매업체,1,2020,11,13,,,,,,2020-11-13
6396531,다단계판매업체,1,2021,7,30,,,,,,2021-07-30
6396532,다단계판매업체,1,2020,2,28,,,,,,2020-02-28
6396533,다단계판매업체,1,2021,1,15,,,,,,2021-01-15
6396534,다단계판매업체,1,2020,3,6,,,,,,2020-03-06
6396535,다단계판매업체,1,2022,10,14,,,,,,2022-10-14
6396536,다단계판매업체,1,2021,2,15,,,,,,2021-02-15
6396537,다단계판매업체,1,2022,8,19,,,,,,2022-08-19
6396538,다단계판매업체,1,2019,1,2,,,,,,2019-01-02
6396539,다단계판매업체,1,2020,9,23,,,,,,2020-09-23
6396540,다단계판매업체,1,2022,5,23,,,,,,2022-05-23
6396541,다단계판매업체,1,2022,4,14,,,,,,2022-04-14
6396542,다단계판매업체,1,2014,5,20,,,,,,2014-05-20
6396543,다단계판매업체,1,2022,12,12,,,,,,2022-12-12
6396544,다단계판매업체,0,2003,8,13,,,,,,2003-08-13
6396545,다단계판매업체,0,2003,1,14,,,,,,2003-01-14
6396546,다단계판매업체,0,2002,5,10,,,,,,2002-05-10
6396547,다단계판매업체,0,1996,11,12,,,,,,1996-11-12
6396548,다단계판매업체,0,2001,12,4,,,,,,2001-12-04
6396549,다단계판매업체,0,2000,5,8,,,,,,2000-05-08
6396550,다단계판매업체,0,2000,9,8,,,,,,2000-09-08
6396551,다단계판매업체,0,2005,4,22,,,,,,2005-04-22
6396552,다단계판매업체,0,2005,5,30,,,,,,2005-05-30
6396553,다단계판매업체,0,2000,10,2,,,,,,2000-10-02
6396554,다단계판매업체,0,2000,10,12,,,,,,2000-10-12
6396555,다단계판매업체,0,2001,10,16,,,,,,2001-10-16
6396556,다단계판매업체,0,2001,9,10,,,,,,2001-09-10
6396557,다단계판매업체,0,1996,10,31,,,,,,1996-10-31
6396558,다단계판매업체,0,1995,9,10,,,,,,1995-09-10
6396559,다단계판매업체,0,2000,11,14,,,,,,2000-11-14
6396560,다단계판매업체,0,2000,12,4,,,,,,2000-12-04
6396561,다단계판매업체,0,2001,10,15,,,,,,2001-10-15
6396562,다단계판매업체,0,2000,12,9,,,,,,2000-12-09
6396563,다단계판매업체,0,1996,4,15,,,,,,1996-04-15
6396564,다단계판매업체,0,2001,12,4,,,,,,2001-12-04
6396565,다단계판매업체,0,2002,12,7,,,,,,2002-12-07
6396566,다단계판매업체,0,2002,6,15,,,,,,2002-06-15
6396567,다단계판매업체,0,1998,3,25,,,,,,1998-03-25
6396568,다단계판매업체,0,2002,5,9,,,,,,2002-05-09
6396569,다단계판매업체,0,2002,4,19,,,,,,2002-04-19
6396570,다단계판매업체,0,1998,7,15,,,,,,1998-07-15
6396571,다단계판매업체,0,2002,3,11,,,,,,2002-03-11
6396572,다단계판매업체,0,1999,6,8,,,,,,1999-06-08
6396573,다단계판매업체,0,2002,1,24,,,,,,2002-01-24
6396574,다단계판매업체,0,2002,1,21,,,,,,2002-01-21
6396575,다단계판매업체,0,2002,1,17,,,,,,2002-01-17
6396576,다단계판매업체,0,2003,12,18,,,,,,2003-12-18
6396577,다단계판매업체,0,2000,5,3,,,,,,2000-05-03
6396578,다단계판매업체,0,2001,1,2,,,,,,2001-01-02
6396579,다단계판매업체,0,2000,12,18,,,,,,2000-12-18
6396580,다단계판매업체,0,2001,6,8,,,,,,2001-06-08
6396581,다단계판매업체,0,2000,12,14,,,,,,2000-12-14
6396582,다단계판매업체,0,2000,12,18,,,,,,2000-12-18
6396583,다단계판매업체,0,2004,10,19,,,,,,2004-10-19
6396584,다단계판매업체,0,1996,7,19,,,,,,1996-07-19
6396585,다단계판매업체,0,1997,1,10,,,,,,1997-01-10
6396586,다단계판매업체,0,1996,12,19,,,,,,1996-12-19
6396587,다단계판매업체,0,2003,7,3,,,,,,2003-07-03
6396588,다단계판매업체,0,1997,3,4,,,,,,1997-03-04
6396589,다단계판매업체,0,2003,3,7,,,,,,2003-03-07
6396590,다단계판매업체,0,2003,2,26,,,,,,2003-02-26
6396591,다단계판매업체,0,1997,6,14,,,,,,1997-06-14
6396592,다단계판매업체,0,2004,12,24,,,,,,2004-12-24
6396593,다단계판매업체,0,2006,1,18,,,,,,2006-01-18
6396594,다단계판매업체,0,2002,4,9,,,,,,2002-04-09
6396595,다단계판매업체,0,2002,3,15,,,,,,2002-03-15
6396596,다단계판매업체,0,2002,3,6,,,,,,2002-03-06
6396597,다단계판매업체,0,2001,11,10,,,,,,2001-11-10
6396598,다단계판매업체,0,2006,11,23,,,,,,2006-11-23
6396599,다단계판매업체,0,2011,9,9,2016,8,10,5,2016-08-10,2011-09-09
6396600,다단계판매업체,0,2001,3,23,,,,,,2001-03-23
6396601,다단계판매업체,0,2001,3,10,,,,,,2001-03-10
6396602,다단계판매업체,0,2002,1,11,,,,,,2002-01-11
6396603,다단계판매업체,0,2000,2,22,,,,,,2000-02-22
6396604,다단계판매업체,1,2000,8,18,,,,,,2000-08-18
6396605,다단계판매업체,1,2001,1,2,,,,,,2001-01-02
6396606,다단계판매업체,1,2001,4,13,,,,,,2001-04-13
6396607,다단계판매업체,1,2001,4,10,,,,,,2001-04-10
6396608,다단계판매업체,1,2001,3,5,,,,,,2001-03-05
6396609,다단계판매업체,1,2001,3,19,,,,,,2001-03-19
6396610,다단계판매업체,1,2002,3,11,,,,,,2002-03-11
6396611,다단계판매업체,1,2002,1,15,,,,,,2002-01-15
6396612,다단계판매업체,1,2001,12,22,,,,,,2001-12-22
6396613,다단계판매업체,1,2002,4,22,,,,,,2002-04-22
6396614,다단계판매업체,1,2001,10,20,,,,,,2001-10-20
6396615,다단계판매업체,1,2000,11,24,,,,,,2000-11-24
6396616,다단계판매업체,1,2001,9,21,,,,,,2001-09-21
6396617,다단계판매업체,1,2001,7,28,,,,,,2001-07-28
6396618,다단계판매업체,1,2000,3,16,,,,,,2000-03-16
6396619,다단계판매업체,1,2003,1,14,,,,,,2003-01-14
6396620,다단계판매업체,1,2002,6,15,,,,,,2002-06-15
6396621,다단계판매업체,1,1998,3,16,,,,,,1998-03-16
6396622,다단계판매업체,1,2004,10,13,,,,,,2004-10-13
6396623,다단계판매업체,1,2002,1,10,,,,,,2002-01-10
6396624,다단계판매업체,1,2001,1,9,,,,,,2001-01-09
6396625,다단계판매업체,1,2001,7,6,,,,,,2001-07-06
6396626,다단계판매업체,1,2001,6,18,,,,,,2001-06-18
6396627,다단계판매업체,1,1999,7,27,,,,,,1999-07-27
6396628,다단계판매업체,1,2001,5,15,,,,,,2001-05-15
6396629,다단계판매업체,1,2004,11,26,,,,,,2004-11-26
6396630,다단계판매업체,1,2004,9,3,,,,,,2004-09-03
6396631,다단계판매업체,1,2004,3,2,,,,,,2004-03-02
6396632,다단계판매업체,1,2003,8,13,,,,,,2003-08-13
6396633,다단계판매업체,1,2006,5,12,,,,,,2006-05-12
6396634,다단계판매업체,1,2012,11,12,,,,,,2012-11-12
6396635,다단계판매업체,0,2019,3,11,2021,12,8,2,2021-12-08,2019-03-11
6396636,다단계판매업체,0,2002,9,12,,,,,,2002-09-12
6396637,다단계판매업체,0,2001,6,7,,,,,,2001-06-07
6396638,다단계판매업체,0,2014,9,12,2015,4,22,1,2015-04-22,2014-09-12
6396639,다단계판매업체,0,1997,9,26,,,,,,1997-09-26
6396640,다단계판매업체,0,2015,8,3,2018,11,16,3,2018-11-16,2015-08-03
6396641,다단계판매업체,0,2001,5,7,,,,,,2001-05-07
6396642,다단계판매업체,0,2001,4,16,,,,,,2001-04-16
6396643,다단계판매업체,0,2001,1,4,,,,,,2001-01-04
6396644,다단계판매업체,0,2001,4,12,,,,,,2001-04-12
6396645,다단계판매업체,0,1995,9,30,,,,,,1995-09-30
6396646,다단계판매업체,0,1995,7,24,1997,3,31,2,1997-03-31,1995-07-24
6396647,다단계판매업체,0,2012,9,14,2015,3,2,3,2015-03-02,2012-09-14
6396648,다단계판매업체,0,2015,4,22,2018,10,18,3,2018-10-18,2015-04-22
6396649,다단계판매업체,0,2013,5,3,2014,5,1,1,2014-05-01,2013-05-03
6396650,다단계판매업체,0,2013,6,19,2014,6,23,1,2014-06-23,2013-06-19
6396651,다단계판매업체,0,2013,8,19,2014,9,26,1,2014-09-26,2013-08-19
6396652,다단계판매업체,0,2013,8,19,2015,12,3,2,2015-12-03,2013-08-19
6396653,다단계판매업체,0,2013,10,23,2014,5,1,1,2014-05-01,2013-10-23
6396654,다단계판매업체,0,2014,9,29,2018,7,31,4,2018-07-31,2014-09-29
6396655,다단계판매업체,0,2016,5,2,2018,1,31,2,2018-01-31,2016-05-02
6396656,다단계판매업체,0,2009,2,13,2018,7,11,9,2018-07-11,2009-02-13
6396657,다단계판매업체,0,1997,2,14,,,,,,1997-02-14
6396658,다단계판매업체,0,2001,5,29,,,,,,2001-05-29
6396659,다단계판매업체,0,2001,8,16,,,,,,2001-08-16
6396660,다단계판매업체,0,2001,7,16,,,,,,2001-07-16
6396661,다단계판매업체,0,1995,8,5,,,,,,1995-08-05
6396662,다단계판매업체,0,2000,3,8,2018,5,14,18,2018-05-14,2000-03-08
6396663,다단계판매업체,0,1998,3,20,2018,5,14,20,2018-05-14,1998-03-20
6396664,다단계판매업체,0,2001,4,20,2018,5,14,17,2018-05-14,2001-04-20
6396665,다단계판매업체,1,2019,2,15,,,,,,2019-02-15
6396666,다단계판매업체,1,2011,4,5,,,,,,2011-04-05
6396667,다단계판매업체,0,2001,7,16,,,,,,2001-07-16
6396668,다단계판매업체,0,2001,2,10,,,,,,2001-02-10
6396669,다단계판매업체,0,2001,2,6,,,,,,2001-02-06
6396670,다단계판매업체,0,2000,12,30,,,,,,2000-12-30
6396671,다단계판매업체,0,2000,8,10,,,,,,2000-08-10
6396672,다단계판매업체,0,2000,8,3,,,,,,2000-08-03
6396673,다단계판매업체,0,2000,5,9,,,,,,2000-05-09
6396674,다단계판매업체,0,2000,3,8,,,,,,2000-03-08
6396675,다단계판매업체,0,1997,5,29,,,,,,1997-05-29
6396676,다단계판매업체,0,2000,12,23,,,,,,2000-12-23
6396677,다단계판매업체,0,2000,11,30,,,,,,2000-11-30
6396678,다단계판매업체,0,1997,12,20,,,,,,1997-12-20
6396679,다단계판매업체,0,1996,11,5,,,,,,1996-11-05
6396680,다단계판매업체,0,1995,10,28,,,,,,1995-10-28
6396681,다단계판매업체,0,2015,5,11,,,,,,2015-05-11
6396682,다단계판매업체,0,2016,11,22,,,,,,2016-11-22
6396683,다단계판매업체,1,2013,10,22,,,,,,2013-10-22
6396684,다단계판매업체,1,2022,5,6,,,,,,2022-05-06
6396685,다단계판매업체,0,2001,7,16,2003,11,5,2,2003-11-05,2001-07-16
6396686,다단계판매업체,0,2001,11,12,,,,,,2001-11-12
6396687,다단계판매업체,0,2002,10,28,,,,,,2002-10-28
6396688,다단계판매업체,0,2003,2,10,,,,,,2003-02-10
6396689,다단계판매업체,0,2001,3,15,2004,2,11,3,2004-02-11,2001-03-15
6396690,다단계판매업체,0,2004,7,26,,,,,,2004-07-26
6396691,다단계판매업체,0,2005,2,10,,,,,,2005-02-10
6396692,다단계판매업체,0,2003,2,10,,,,,,2003-02-10
6396693,다단계판매업체,0,2002,8,2,,,,,,2002-08-02
6396694,다단계판매업체,0,2002,6,17,,,,,,2002-06-17
6396695,다단계판매업체,0,2002,6,26,,,,,,2002-06-26
6396696,다단계판매업체,0,2002,6,17,,,,,,2002-06-17
6396697,다단계판매업체,0,2002,6,17,,,,,,2002-06-17
6396698,다단계판매업체,0,2002,6,7,,,,,,2002-06-07
6396699,다단계판매업체,0,2002,5,23,,,,,,2002-05-23
6396700,다단계판매업체,0,2002,5,16,,,,,,2002-05-16
6396701,다단계판매업체,0,2004,7,26,,,,,,2004-07-26
6396702,다단계판매업체,0,1996,11,22,2018,5,14,22,2018-05-14,1996-11-22
6396703,다단계판매업체,0,1997,3,13,2001,5,2,4,2001-05-02,1997-03-13
6396704,다단계판매업체,0,2002,5,10,,,,,,2002-05-10
6396705,다단계판매업체,0,2002,5,3,,,,,,2002-05-03
6396706,다단계판매업체,0,2002,4,16,,,,,,2002-04-16
6396707,다단계판매업체,0,2002,4,16,2003,1,6,1,2003-01-06,2002-04-16
6396708,다단계판매업체,0,2002,4,15,,,,,,2002-04-15
6396709,다단계판매업체,0,2002,4,4,,,,,,2002-04-04
6396710,다단계판매업체,0,2002,3,14,,,,,,2002-03-14
6396711,다단계판매업체,0,2002,3,9,2002,12,9,0,2002-12-09,2002-03-09
6396712,다단계판매업체,0,2002,3,9,,,,,,2002-03-09
6396713,다단계판매업체,0,2002,2,28,,,,,,2002-02-28
6396714,다단계판매업체,0,2002,2,8,2003,1,30,1,2003-01-30,2002-02-08
6396715,다단계판매업체,0,2002,1,30,,,,,,2002-01-30
6396716,다단계판매업체,0,2002,1,30,,,,,,2002-01-30
6396717,다단계판매업체,0,2002,1,30,2002,5,22,0,2002-05-22,2002-01-30
6396718,다단계판매업체,0,2002,1,16,,,,,,2002-01-16
6396719,다단계판매업체,0,2002,1,12,,,,,,2002-01-12
6396720,다단계판매업체,0,2001,12,18,,,,,,2001-12-18
6396721,다단계판매업체,0,2001,11,13,2002,3,6,1,2002-03-06,2001-11-13
6396722,다단계판매업체,0,2001,10,16,,,,,,2001-10-16
6396723,다단계판매업체,0,2001,6,12,2002,12,21,1,2002-12-21,2001-06-12
6396724,다단계판매업체,0,2001,5,10,2004,12,29,3,2004-12-29,2001-05-10
6396725,다단계판매업체,0,2000,11,8,2001,12,20,1,2001-12-20,2000-11-08
6396726,다단계판매업체,0,2000,9,14,2002,1,10,2,2002-01-10,2000-09-14
6396727,다단계판매업체,0,2000,7,18,2005,3,9,5,2005-03-09,2000-07-18
6396728,다단계판매업체,0,1999,8,23,2018,5,14,19,2018-05-14,1999-08-23
6396729,다단계판매업체,0,2000,12,16,2018,5,14,18,2018-05-14,2000-12-16
6396730,다단계판매업체,0,1999,2,5,2018,5,14,19,2018-05-14,1999-02-05
6396731,다단계판매업체,1,2005,11,1,,,,,,2005-11-01
6396732,다단계판매업체,0,2018,1,16,2019,6,10,1,2019-06-10,2018-01-16
6396733,다단계판매업체,1,2000,10,11,,,,,,2000-10-11
6396734,다단계판매업체,1,2001,5,14,,,,,,2001-05-14
6396735,다단계판매업체,1,2001,7,13,,,,,,2001-07-13
6396736,다단계판매업체,1,2001,12,7,,,,,,2001-12-07
6396737,다단계판매업체,1,2002,3,8,,,,,,2002-03-08
6396738,다단계판매업체,1,2002,6,20,,,,,,2002-06-20
6396739,다단계판매업체,0,2000,10,11,,,,,,2000-10-11
6396740,다단계판매업체,0,2001,4,25,,,,,,2001-04-25
6396741,다단계판매업체,0,2000,6,9,,,,,,2000-06-09
6396742,다단계판매업체,0,2001,5,18,,,,,,2001-05-18
6396743,다단계판매업체,0,2001,6,20,,,,,,2001-06-20
6396744,다단계판매업체,0,2001,10,12,,,,,,2001-10-12
6396745,다단계판매업체,0,2002,1,7,,,,,,2002-01-07
6396746,다단계판매업체,0,2002,2,1,,,,,,2002-02-01
6396747,다단계판매업체,0,2002,11,19,,,,,,2002-11-19
6396748,다단계판매업체,0,2000,8,23,,,,,,2000-08-23
6396749,다단계판매업체,0,2003,11,21,,,,,,2003-11-21
6396750,다단계판매업체,0,2006,9,13,,,,,,2006-09-13
6396751,다단계판매업체,0,2001,4,25,,,,,,2001-04-25
6396752,다단계판매업체,0,2005,5,12,,,,,,2005-05-12
6396753,다단계판매업체,0,2020,2,13,2021,3,8,1,2021-03-08,2020-02-13
6396754,다단계판매업체,1,2022,2,18,,,,,,2022-02-18
6396755,다단계판매업체,1,2020,5,15,,,,,,2020-05-15
6396756,다단계판매업체,1,2021,4,14,,,,,,2021-04-14
6396757,다단계판매업체,1,2009,12,3,,,,,,2009-12-03
6396758,다단계판매업체,1,2013,2,18,,,,,,2013-02-18
6396759,다단계판매업체,0,2001,8,23,2003,3,27,2,2003-03-27,2001-08-23
6396760,다단계판매업체,0,2001,8,22,2003,4,1,2,2003-04-01,2001-08-22
6396761,다단계판매업체,0,2000,5,19,2003,4,14,3,2003-04-14,2000-05-19
6396762,다단계판매업체,0,2004,4,23,2005,5,26,1,2005-05-26,2004-04-23
6396763,다단계판매업체,0,2005,5,23,2006,6,21,1,2006-06-21,2005-05-23
6396764,다단계판매업체,0,2005,7,11,2006,1,20,1,2006-01-20,2005-07-11
6396765,다단계판매업체,0,2004,6,29,2004,11,9,0,2004-11-09,2004-06-29
6396766,다단계판매업체,0,1998,2,12,2004,5,13,6,2004-05-13,1998-02-12
6396767,다단계판매업체,0,2000,12,20,2003,2,4,3,2003-02-04,2000-12-20
6396768,다단계판매업체,0,2002,2,21,2003,4,8,1,2003-04-08,2002-02-21
6396769,다단계판매업체,0,2006,12,12,2010,4,21,4,2010-04-21,2006-12-12
6396770,다단계판매업체,0,2012,12,4,2017,1,12,5,2017-01-12,2012-12-04
6396771,다단계판매업체,0,2013,2,13,2013,11,13,0,2013-11-13,2013-02-13
6396772,다단계판매업체,0,2002,12,11,2003,6,5,1,2003-06-05,2002-12-11
6396773,다단계판매업체,0,2001,10,10,2003,7,24,2,2003-07-24,2001-10-10
6396774,다단계판매업체,0,2002,3,6,2003,9,27,1,2003-09-27,2002-03-06
6396775,다단계판매업체,0,2013,9,26,2015,2,2,2,2015-02-02,2013-09-26
6396776,다단계판매업체,0,2014,3,14,2015,12,17,1,2015-12-17,2014-03-14
6396777,다단계판매업체,0,2018,2,28,2019,2,1,1,2019-02-01,2018-02-28
6396778,다단계판매업체,0,2002,3,22,2003,6,22,1,2003-06-22,2002-03-22
6396779,다단계판매업체,0,2001,11,21,2003,9,23,2,2003-09-23,2001-11-21
6396780,다단계판매업체,0,2001,12,22,2003,7,15,2,2003-07-15,2001-12-22
6396781,다단계판매업체,0,2002,11,28,2004,1,17,2,2004-01-17,2002-11-28
6396782,다단계판매업체,0,2002,12,9,2003,7,26,1,2003-07-26,2002-12-09
6396783,다단계판매업체,0,2001,1,16,2002,6,25,1,2002-06-25,2001-01-16
6396784,다단계판매업체,0,2002,5,23,2002,7,16,0,2002-07-16,2002-05-23
6396785,다단계판매업체,0,2000,3,15,2001,12,8,1,2001-12-08,2000-03-15
6396786,다단계판매업체,0,2001,5,23,2002,7,2,1,2002-07-02,2001-05-23
6396787,다단계판매업체,0,2000,8,25,2001,8,7,1,2001-08-07,2000-08-25
6396788,다단계판매업체,0,2002,1,12,2002,9,4,0,2002-09-04,2002-01-12
6396789,다단계판매업체,0,2002,11,28,2003,1,29,1,2003-01-29,2002-11-28
6396790,다단계판매업체,0,2001,4,17,2003,2,15,2,2003-02-15,2001-04-17
6396791,다단계판매업체,0,2001,5,2,2003,3,18,2,2003-03-18,2001-05-02
6396792,다단계판매업체,0,2020,9,8,2021,8,6,1,2021-08-06,2020-09-08
6396793,다단계판매업체,0,2014,2,20,,,,,,2014-02-20
6396794,다단계판매업체,1,2016,5,27,,,,,,2016-05-27
6396795,다단계판매업체,0,2018,5,21,,,,,,2018-05-21
6396796,다단계판매업체,1,2018,8,22,,,,,,2018-08-22
6396797,다단계판매업체,1,2012,12,14,,,,,,2012-12-14
6396798,다단계판매업체,1,2013,12,30,,,,,,2013-12-30
6396799,다단계판매업체,1,2018,8,24,,,,,,2018-08-24
6396800,다단계판매업체,1,2021,8,12,,,,,,2021-08-12
6396801,다단계판매업체,1,2021,3,31,,,,,,2021-03-31
6396802,다단계판매업체,1,2018,10,25,,,,,,2018-10-25
6396803,다단계판매업체,1,2016,7,25,,,,,,2016-07-25
6396804,다단계판매업체,1,1997,2,12,,,,,,1997-02-12
6396805,다단계판매업체,0,2009,12,4,2012,2,3,3,2012-02-03,2009-12-04
6396806,다단계판매업체,0,2004,8,30,2011,7,15,7,2011-07-15,2004-08-30
6396807,다단계판매업체,0,2011,8,11,2012,10,19,1,2012-10-19,2011-08-11
6396808,다단계판매업체,0,2011,1,7,2014,2,4,3,2014-02-04,2011-01-07
6396809,다단계판매업체,0,2011,3,2,2012,2,6,1,2012-02-06,2011-03-02
6396810,다단계판매업체,0,2014,7,24,2016,12,28,2,2016-12-28,2014-07-24
6396811,다단계판매업체,0,2014,10,16,2017,11,7,3,2017-11-07,2014-10-16
6396812,다단계판매업체,0,2015,5,26,,,,,,2015-05-26
6396813,다단계판매업체,0,2015,4,13,2017,1,6,2,2017-01-06,2015-04-13
6396814,다단계판매업체,0,2012,8,10,2014,1,14,2,2014-01-14,2012-08-10
6396815,다단계판매업체,0,2012,12,21,2016,1,22,4,2016-01-22,2012-12-21
6396816,다단계판매업체,0,2013,11,14,2014,4,4,1,2014-04-04,2013-11-14
6396817,다단계판매업체,0,2020,6,12,2021,3,31,1,2021-03-31,2020-06-12
6396818,다단계판매업체,0,2017,8,31,2021,6,30,4,2021-06-30,2017-08-31
6396819,다단계판매업체,0,2018,12,10,2020,10,21,2,2020-10-21,2018-12-10
6396820,다단계판매업체,1,2018,2,27,,,,,,2018-02-27
6396821,다단계판매업체,0,2019,11,1,,,,,,2019-11-01
6396822,다단계판매업체,0,2011,11,9,,,,,,2011-11-09
6396823,다단계판매업체,0,2014,4,7,,,,,,2014-04-07
6396824,다단계판매업체,0,2014,6,17,,,,,,2014-06-17
6396825,다단계판매업체,0,2015,8,13,,,,,,2015-08-13
6396826,다단계판매업체,0,2016,4,25,,,,,,2016-04-25
6396827,다단계판매업체,0,2016,9,13,,,,,,2016-09-13
6396828,다단계판매업체,0,2016,11,21,,,,,,2016-11-21
6396829,다단계판매업체,0,2016,5,23,,,,,,2016-05-23
6396830,다단계판매업체,0,2017,4,13,,,,,,2017-04-13
6396831,다단계판매업체,0,2017,12,1,,,,,,2017-12-01
6396832,다단계판매업체,0,2018,6,1,,,,,,2018-06-01
6396833,다단계판매업체,0,2013,2,8,,,,,,2013-02-08
6396834,다단계판매업체,0,2021,4,14,,,,,,2021-04-14
6396835,다단계판매업체,0,2018,2,9,,,,,,2018-02-09
6396836,다단계판매업체,1,2022,3,3,,,,,,2022-03-03
6396837,다단계판매업체,1,2012,10,16,,,,,,2012-10-16
6396838,다단계판매업체,1,2018,4,11,,,,,,2018-04-11
6396839,다단계판매업체,0,2002,1,2,2015,6,15,13,2015-06-15,2002-01-02
6396840,다단계판매업체,1,2013,8,13,,,,,,2013-08-13
6396841,다단계판매업체,0,2016,9,27,2018,10,5,2,2018-10-05,2016-09-27
6396842,다단계판매업체,1,2012,10,12,,,,,,2012-10-12
6396843,다단계판매업체,0,2005,2,2,,,,,,2005-02-02
6396844,다단계판매업체,1,2011,5,2,,,,,,2011-05-02
6396845,다단계판매업체,1,2013,11,27,,,,,,2013-11-27
6396846,다단계판매업체,1,2012,8,22,,,,,,2012-08-22
6396847,다단계판매업체,1,2015,3,26,,,,,,2015-03-26
6396848,다단계판매업체,1,2016,11,24,,,,,,2016-11-24
6396849,다단계판매업체,0,2007,2,9,,,,,,2007-02-09
6396850,다단계판매업체,1,2021,7,6,,,,,,2021-07-06
6396851,다단계판매업체,1,2015,6,29,,,,,,2015-06-29
6396852,다단계판매업체,1,2019,11,27,,,,,,2019-11-27
6396853,다단계판매업체,0,2007,6,11,,,,,,2007-06-11
6396854,다단계판매업체,0,2017,9,27,,,,,,2017-09-27
6396855,다단계판매업체,0,2005,11,17,,,,,,2005-11-17
6396856,다단계판매업체,1,2021,8,31,,,,,,2021-08-31
6396857,다단계판매업체,0,2017,5,31,2019,6,4,2,2019-06-04,2017-05-31
6396858,다단계판매업체,0,2000,10,11,2002,2,16,2,2002-02-16,2000-10-11
6396859,다단계판매업체,1,2015,5,11,,,,,,2015-05-11
6396860,다단계판매업체,0,2014,6,26,2017,12,22,3,2017-12-22,2014-06-26
6396861,다단계판매업체,0,1998,6,30,2020,12,31,22,2020-12-31,1998-06-30
6396862,다단계판매업체,1,2020,10,20,,,,,,2020-10-20
6396863,다단계판매업체,1,2002,7,2,,,,,,2002-07-02
6396864,다단계판매업체,0,2002,4,11,2003,1,11,1,2003-01-11,2002-04-11
6396865,다단계판매업체,0,1996,9,11,1997,4,14,1,1997-04-14,1996-09-11
6396866,다단계판매업체,0,2013,8,29,2014,1,3,1,2014-01-03,2013-08-29
6396867,다단계판매업체,0,2017,6,26,2018,8,20,1,2018-08-20,2017-06-26
6396868,다단계판매업체,0,2020,2,24,2021,9,2,1,2021-09-02,2020-02-24
6396869,다단계판매업체,1,2015,8,6,,,,,,2015-08-06
6396870,다단계판매업체,1,2020,3,10,,,,,,2020-03-10
6396871,다단계판매업체,0,2019,3,28,2021,5,10,2,2021-05-10,2019-03-28
6396872,다단계판매업체,0,2018,1,10,2019,10,1,1,2019-10-01,2018-01-10
